5.27969230769 -6.75596638655 79.0470148148 39.8753537255 3.96 -3.16
9.34676923077 -12.720581916 15.5439037037 29.2786007843 -1.56 -1.36
21.0044307692 -12.2941111933 20.434637037 30.0158117647 -4.0 -0.76
6.80547692308 -10.7382383866 16.138037037 32.6714541176 -0.28 2.96
3.03870769231 -12.5898363697 28.805 35.55056 1.88 -0.36
15.0964307692 -7.68684531092 30.1986 29.8038901961 -2.6 3.44
4.176 -12.1778866555 24.3221333333 31.486214902 0.48 -1.52
11.3473230769 -12.7411775462 15.2463703704 29.2360658824 -2.08 -0.44
4.43963076923 -12.9649059496 28.1237037037 42.799532549 3.28 1.84
3.11070769231 -10.5075673277 42.9703333333 34.7736658824 2.12 -2.16
4.37630769231 -8.78959166387 64.6390148148 39.1279341176 3.56 -2.44
8.09390769231 -12.0213743866 15.6263703704 30.5933301961 -1.04 1.48
4.51076923077 -12.5100369748 15.7205333333 33.9082007843 0.64 1.76
6.34707692308 -11.1289535462 24.0809481481 29.662214902 -0.48 -2.88
11.3385230769 -12.3252313277 16.3383333333 29.4121066667 -2.04 0.52
3.30812307692 -12.8813778824 23.1195481481 34.2988737255 1.32 0.0
3.47076923077 -11.9398518319 40.8469037037 38.7871341176 2.96 -0.64
3.63796923077 -12.8710066555 18.5719333333 35.6878117647 1.4 1.44
7.20867692308 -12.3164783866 15.1282592593 30.8861929412 -0.76 1.28
3.77132307692 -12.6545113277 18.7205925926 37.988614902 1.92 2.16
7.38147692308 -12.8073207395 15.0731481481 30.2354384314 -0.92 0.24
3.67716923077 -12.7946664874 20.0392592593 38.3336031373 2.08 1.96
3.58412307692 -12.8326598992 31.7576592593 39.7888501961 2.88 0.6
3.31649230769 -12.2521535462 37.0267481481 38.3229301961 2.76 -0.4
14.2907076923 -8.65576766387 27.0854814815 29.7683796078 -2.48 3.04
3.89710769231 -6.23198547899 66.762637037 34.7929066667 2.64 -4.0
15.5995076923 -10.1295983866 24.8887703704 29.3994384314 -2.88 2.0
3.37452307692 -12.9992594286 24.1552592593 38.0405929412 2.24 1.12
14.5408 -12.6904266218 15.2341037037 29.2408941176 -2.8 -1.52
9.48110769231 -12.7889435966 15.2692148148 29.3030117647 -1.6 -1.12
7.86147692308 -12.7725864874 15.0135925926 30.0592501961 -1.08 0.24
3.73876923077 -12.6921546218 18.1421259259 36.8815341176 1.64 1.96
4.29747692308 -12.1665844706 15.7725925926 35.7419796078 1.12 2.44
20.0390769231 -7.80793277311 35.957237037 29.4895341176 -3.64 2.84
6.33796923077 -12.3452009412 15.0269333333 31.5351058824 -0.4 1.44
6.12836923077 -10.5286598992 15.756 33.9085301961 0.16 3.32
8.34627692308 -10.1445630924 24.2487333333 29.113414902 -1.08 -3.8
4.46049230769 -11.6546834286 15.5373259259 37.1792470588 1.4 3.08
4.28049230769 -11.9573012437 16.843437037 39.2143058824 2.0 3.08
3.95803076923 -12.9296602353 24.4677333333 40.8955607843 2.8 1.88
5.94147692308 -10.5580358992 15.602037037 34.233932549 0.28 3.36
7.78843076923 -11.1957743866 16.3896 31.3638901961 -0.8 2.36
19.464 -10.8145882353 26.1036148148 29.505932549 -3.68 1.08
8.43630769231 -11.7439327731 16.1053925926 30.5941835294 -1.12 1.72
4.85427692308 -9.80673989916 33.1123259259 30.3818541176 0.32 -3.4
5.78529230769 -12.7664763697 17.9223333333 30.4684831373 -0.36 -0.92
5.21710769231 -11.125666958 26.4527703704 30.2414431373 0.0 -2.68
12.8060307692 -12.3885106555 15.2598814815 29.1374431373 -2.4 -2.28
5.78836923077 -10.4323807731 15.530037037 34.7719341176 0.44 3.52
11.5516923077 -10.8053012437 19.7735333333 29.8445458824 -1.96 2.04
3.98769230769 -12.6800876639 36.2716148148 41.199532549 3.28 0.48
3.73790769231 -10.0999464874 53.8669259259 38.2194007843 3.16 -1.92
11.6558769231 -10.5391230924 19.5789925926 29.0915607843 -2.0 -3.92
9.05187692308 -11.5789402353 19.0919925926 29.1190901961 -1.4 -2.88
3.9072 -12.9786073277 18.5417481481 33.4231058824 0.8 0.56
11.6923076923 -10.8309243697 19.8333333333 29.8019607843 -2.0 2.0
18.2430769231 -12.4293243697 18.5053925926 29.5709364706 -3.52 -0.68
3.64030769231 -12.9866019496 19.3943925926 34.1980266667 1.08 0.68
3.27507692308 -10.043569479 48.8891259259 35.9776596078 2.56 -2.24
12.8769230769 -12.1731092437 15.5533333333 29.1494901961 -2.4 -2.6
7.98387692308 -11.7501864874 15.8835259259 30.8450007843 -0.96 1.8
3.6216 -12.9747915294 28.0678148148 39.8569066667 2.76 1.08
19.9587692308 -8.89539495798 32.7311703704 29.4805207843 -3.68 2.28
3.76307692308 -12.848497479 17.9037037037 35.087372549 1.2 1.4
13.9788923077 -12.6812461176 15.088437037 29.2002070588 -2.68 -1.6
5.04996923077 -12.5033234286 22.7438814815 44.250214902 3.28 3.0
5.94147692308 -12.3754659496 23.9727037037 46.755532549 3.72 3.36
4.77267692308 -12.8625812437 26.2933333333 43.7367184314 3.36 2.32
18.7411692308 -5.90000295798 39.236 29.6112658824 -3.28 3.84
3.21556923077 -11.6057234286 32.3207333333 33.2872470588 1.4 -1.68
17.4417230769 -12.5765367395 15.5456 29.6503184314 -3.36 -2.0
10.5729230769 -8.52349579832 22.8365333333 31.0488596078 -1.44 3.64
3.86363076923 -11.8492278319 27.1613333333 31.7960501961 0.72 -1.76
5.8416 -12.6345158992 15.1605925926 31.6152596078 -0.24 1.08
4.0056 -12.9323901849 31.3691481481 41.4064596078 3.16 1.08
7.03076923077 -12.8412369748 15.18 30.3626666667 -0.8 0.2
4.84923076923 -11.309794958 53.1581333333 42.4255717647 3.92 -0.72
18.4707692308 -11.2013310924 15.4055703704 30.2168596078 -3.44 -3.96
11.8598769231 -12.6359163697 15.0982148148 29.1096 -2.2 -1.72
10.9587692308 -10.6795831933 19.8157925926 29.0493458824 -1.84 -3.76
19.3908923077 -9.41162648739 30.5941925926 29.4523607843 -3.6 2.04
3.56689230769 -12.9665435966 19.3238814815 34.9802541176 1.28 1.0
18.1830769231 -11.3678386555 15.3175925926 30.1192941176 -3.4 -3.8
9.69569230769 -12.445297479 16.1895333333 29.159494902 -1.64 -1.96
3.0336 -12.4174316639 31.8499259259 36.2833537255 2.16 -0.48
3.23076923077 -12.9566386555 23.1792592593 35.381254902 1.6 0.4
4.50990769231 -12.965381916 31.4557037037 43.0389458824 3.44 1.48
3.01852307692 -12.4566819496 30.3543333333 35.649094902 1.96 -0.52
4.6664 -11.1254007395 27.9463333333 30.6680031373 0.28 -2.56
18.6075076923 -10.7767190588 25.5477333333 29.4271717647 -3.52 1.2
12.3804307692 -12.6090363697 15.8656592593 29.2157364706 -2.32 -0.2
4.04123076923 -12.974597916 29.6551703704 41.5228737255 3.12 1.32
4.28307692308 -11.4091831933 49.7 41.0283137255 3.6 -0.8
14.2289230769 -12.5303663866 15.0048 29.2424501961 -2.72 -2.08
3.21710769231 -11.2414994286 43.0256 36.9677301961 2.64 -1.4
4.02523076923 -6.24918319328 69.2502814815 35.5723796078 2.88 -3.88
4.39403076923 -12.7485348571 16.2511037037 33.4910901961 0.6 1.32
3.8456 -12.5748635966 17.4713703704 36.7792596078 1.56 2.12
3.26596923077 -10.564421916 38.2077333333 33.0864658824 1.52 -2.4
18.8843076923 -8.20016779832 33.5246814815 29.457894902 -3.44 2.76
11.4884923077 -11.0909859496 18.4104 29.0746196078 -2.0 -3.52
3.40972307692 -11.2239983866 32.9656592593 32.5776784314 1.2 -2.08
11.3630769231 -12.6269714286 15.1951703704 29.1095717647 -2.08 -1.72
10.8758769231 -11.0814504874 18.7062148148 29.938854902 -1.8 1.92
3.41483076923 -10.9279101849 34.6064814815 32.5402007843 1.24 -2.28
6.71236923077 -11.4135653109 22.4201481481 29.5677458824 -0.64 -2.72
16.0867692308 -11.8118007395 15.2845333333 29.6094870588 -3.04 -3.24
7.38523076923 -12.8542477983 15.8949037037 29.845094902 -0.96 -0.76
8.66676923077 -9.93513788235 24.4390148148 29.0732831373 -1.16 -3.96
17.6603692308 -8.96391959664 30.0829259259 29.425612549 -3.24 2.48
3.57692307692 -8.25200295798 58.4823925926 35.6018384314 2.68 -3.12
3.18652307692 -12.6928951933 30.9863333333 37.699494902 2.44 0.08
4.47723076923 -10.6301714286 30.8034592593 30.78384 0.44 -2.84
15.9038769231 -11.1892237983 16.0501925926 29.654412549 -2.96 -3.8
11.8756923077 -10.9215935462 18.5271703704 29.1026541176 -2.08 -3.68
4.63230769231 -12.8186487395 19.325 31.4783529412 0.2 -0.6
5.15169230769 -12.3132918319 21.589237037 44.3820831373 3.24 3.24
9.86092307692 -12.6799327731 15.2013925926 29.5108737255 -1.68 0.08
9.98830769231 -12.3649478992 15.7885037037 29.6640501961 -1.68 0.68
8.98190769231 -12.4300358992 16.6299259259 29.2369537255 -1.44 -1.92
3.47987692308 -8.95804342857 45.7717333333 32.7056784314 1.6 -3.28
4.14756923077 -12.9698221176 18.5533037037 32.64384 0.56 0.2
3.77230769231 -12.8382117647 21.5525925926 39.5130196078 2.4 2.0
3.70929230769 -8.28780531092 47.12 32.1301301961 1.44 -3.68
4.20516923077 -7.34654547899 68.7072592593 37.3788737255 3.28 -3.24
5.8416 -12.6345158992 15.1605925926 31.6152596078 -0.24 1.08
5.10603076923 -11.8816419496 15.0679333333 33.8970164706 0.44 2.4
5.69230769231 -12.6705037983 18.6048 30.4392501961 -0.32 -1.12
5.17452307692 -10.5728876639 15.1173333333 36.6570164706 1.04 3.72
4.02609230769 -12.2951195966 16.9213333333 37.583532549 1.68 2.56
3.8712 -11.3325106555 47.888437037 39.7312658824 3.32 -1.0
8.79323076923 -12.0460278319 15.8636148148 30.2402384314 -1.28 1.32
4.05249230769 -12.6717913277 16.6599925926 34.770854902 1.0 1.68
4.3424 -12.6545113277 38.16 42.268332549 3.52 0.56
5.42843076923 -10.112482958 30.0688592593 30.0022431373 0.0 -3.36
5.89470769231 -10.9063464874 25.8073703704 29.8298541176 -0.28 -2.96
17.2468923077 -12.0726948571 15.0224 29.7802541176 -3.28 -3.0
3.19827692308 -10.1695343866 46.9109333333 35.5024784314 2.4 -2.24
3.84363076923 -8.44249438655 61.5193703704 37.0850541176 3.08 -2.84
9.28492307692 -12.3411092437 16.7101333333 29.1818384314 -1.52 -2.08
5.28356923077 -12.7761247731 15.583437037 31.960972549 0.0 0.92
3.54867692308 -11.092849479 47.1112592593 38.3892831373 3.04 -1.32
8.24892307692 -12.8182857143 15.6242 29.5527341176 -1.24 -0.96
4.5696 -12.2624763697 22.8093333333 31.0801537255 0.24 -1.52
11.1736 -11.9154807395 17.1943333333 29.5802635294 -1.96 1.08
4.17692307692 -12.9603092437 17.682037037 32.9930196078 0.6 0.6
14.1633230769 -12.6877402353 15.1361481481 29.2124737255 -2.72 -1.56
20.5630769231 -12.0396773109 21.7381333333 29.8402384314 -3.92 -0.28
5.03316923077 -10.5939511933 15.0953703704 37.6600031373 1.32 3.84
8.27107692308 -9.70788571429 18.4855333333 31.9922635294 -0.76 3.36
15.9947076923 -8.79378662185 28.7005925926 29.521932549 -2.88 2.76
3.92332307692 -6.84711959664 66.6952592593 35.768332549 2.88 -3.64
17.8067692308 -12.6218487395 16.6632 29.6081537255 -3.44 -1.36
7.55803076923 -9.81345183193 26.5677333333 29.2202666667 -0.8 -3.88
8.01507692308 -10.3714957983 17.4790148148 31.7597929412 -0.76 2.96
7.83950769231 -9.66315132773 26.5798814815 29.1647717647 -0.88 -4.0
19.8908923077 -12.5606523697 16.5399333333 30.081772549 -3.8 -1.96
3.47963076923 -8.72425519328 47.3983703704 32.8336031373 1.68 -3.36
4.64030769231 -7.59314931092 71.4274592593 38.8953537255 3.64 -2.96
5.2536 -12.7856311933 39.0873703704 44.8236831373 3.96 1.08
3.75710769231 -12.6700358992 18.0409703704 36.9189458824 1.64 2.0
16.9403076923 -12.6234621849 16.669837037 29.4595482353 -3.28 -1.12
4.99230769231 -6.84708571429 76.7753703704 39.2371764706 3.8 -3.2
3.43107692308 -12.1259901849 27.6299481481 32.7956737255 1.08 -1.32
4.71692307692 -12.2565243697 22.4940148148 30.9346007843 0.16 -1.56
3.444 -12.1126550588 39.246837037 38.806732549 2.92 -0.48
3.06787692308 -12.0657037983 35.7387481481 36.6196517647 2.36 -0.8
4.56652307692 -12.842146958 19.2619259259 31.5919184314 0.24 -0.52
3.05692307692 -11.6680943866 34.0151333333 34.2221207843 1.72 -1.48
18.5908307692 -12.4807916639 15.5223333333 29.907494902 -3.56 -2.32
4.63230769231 -12.8186487395 19.325 31.4783529412 0.2 -0.6
5.46203076923 -12.6340447731 25.1397333333 45.592972549 3.6 2.92
3.78356923077 -12.5511653109 36.9666 40.4167184314 3.16 0.2
11.4612307692 -10.6328739496 19.5122 29.0766870588 -1.96 -3.84
3.46092307692 -12.3759596639 25.9313481481 32.8882164706 1.04 -1.04
3.34849230769 -10.525489479 37.5302148148 32.7639529412 1.4 -2.48
3.22689230769 -9.64117942857 47.7849703704 34.6227137255 2.2 -2.64
3.06332307692 -11.2550007395 40.2278148148 35.7148266667 2.28 -1.56
4.13169230769 -12.5888118319 20.416237037 40.7324831373 2.56 2.56
6.24867692308 -11.1069106555 24.3424814815 29.6985537255 -0.44 -2.88
3.41169230769 -12.890752 29.4845333333 38.9525301961 2.64 0.64
5.95969230769 -11.9709106555 21.4319037037 46.5460517647 3.56 3.76
12.4841230769 -9.81180611765 22.6567333333 29.8912031373 -2.12 2.6
4.66676923077 -11.3197837983 15.254837037 37.1540737255 1.32 3.32
4.96523076923 -12.3479663866 15.2535333333 33.3023184314 0.36 1.84
4.64036923077 -12.0087572437 18.4885925926 41.9320596078 2.64 3.32
3.36369230769 -9.33016847059 52.3789037037 35.6426007843 2.56 -2.64
10.8612923077 -11.0100426218 19.0748148148 29.0470870588 -1.84 -3.52
4.47076923077 -11.9019794286 24.8840592593 31.0363482353 0.32 -1.88
3.59649230769 -8.4260372437 58.4623037037 35.9401066667 2.76 -3.0
3.63403076923 -9.53573754622 55.3755481481 37.2979137255 3.0 -2.32
4.15230769231 -8.69661848739 41.3831333333 31.1469835294 0.92 -3.72
3.98996923077 -12.2708372437 24.3983037037 31.791654902 0.6 -1.36
6.84436923077 -12.9040306555 15.7078148148 30.2085458824 -0.76 -0.32
20.5259076923 -11.8188030924 15.0543703704 30.5965301961 -3.84 -3.48
4.0064 -8.81970662185 61.668 38.0164737255 3.28 -2.56
4.65692307692 -12.5687195966 40.5751333333 43.063532549 3.72 0.52
8.39956923077 -12.0025535462 18.3986 29.2477929412 -1.24 -2.4
9.26843076923 -10.8053093109 17.9572148148 30.686214902 -1.28 2.4
6.24369230769 -12.1880190924 15.049837037 31.8096031373 -0.32 1.68
8.66252307692 -12.6545226218 16.0832592593 29.3566870588 -1.36 -1.48
3.83027692308 -9.15090662185 41.1917333333 31.6608501961 1.12 -3.4
3.37550769231 -9.56487959664 43.2297481481 32.9067137255 1.6 -2.96
5.34510769231 -12.471202958 20.178637037 30.5380517647 -0.16 -1.4
3.06923076923 -10.9825478992 41.1309259259 35.2838431373 2.2 -1.8
11.2819692308 -7.93091119328 24.7189333333 30.9252235294 -1.6 3.84
14.2899692308 -12.3687378824 15.0683259259 29.2688031373 -2.72 -2.4
3.46763076923 -10.5410301849 49.3247037037 37.5538384314 2.92 -1.76
3.94652307692 -12.9784830924 18.4891481481 33.3018007843 0.76 0.52
10.2369230769 -10.1962772437 19.7600592593 30.5090384314 -1.52 2.68
5.74012307692 -12.6675511933 15.2199333333 31.663654902 -0.2 1.04
3.00332307692 -11.9600715294 34.6014814815 35.563014902 2.08 -1.04
8.89827692308 -12.6932049748 15.0729703704 29.757772549 -1.4 0.24
3.22252307692 -12.1989630924 36.6361481481 37.793894902 2.64 -0.52
21.8684307692 -8.40412665546 36.2888592593 29.6120470588 -4.0 2.36
14.8905230769 -12.3159249748 15.0509259259 29.3481066667 -2.84 -2.52
14.8979076923 -10.6455572437 22.8983333333 29.381612549 -2.76 1.72
5.82387692308 -12.2407835966 22.7296592593 46.3506196078 3.6 3.48
3.19772307692 -12.9649172437 24.6240814815 36.6320596078 1.96 0.6
7.05403076923 -11.9185866218 20.1024 29.5414431373 -0.8 -2.32
6.84916923077 -9.45910695798 29.1463333333 29.3715482353 -0.52 -3.96
10.3180307692 -12.2462967395 16.1269333333 29.6394007843 -1.76 0.8
3.3736 -12.704866958 24.1623333333 33.5463341176 1.16 -0.48
3.98590769231 -10.6584777143 32.6663333333 31.3818007843 0.76 -2.68
11.1830769231 -10.4679798319 20.1472814815 29.0608501961 -1.88 -3.92
4.75292307692 -11.0477310924 15.2882 38.2599184314 1.56 3.64
3.84676923077 -9.51899159664 39.1525333333 31.5966870588 1.04 -3.24
20.0532923077 -12.4755398992 18.7059259259 29.9188831373 -3.84 -1.08
8.2488 -11.3646504874 16.4786592593 30.9392470588 -1.0 2.12
4.20756923077 -12.9423661176 17.4048814815 33.0739137255 0.6 0.72
16.0716923077 -12.3733878319 15.0157259259 29.5060266667 -3.08 -2.48
3.42190769231 -12.9030383866 29.2637037037 38.993894902 2.64 0.68
3.38916923077 -12.2510967395 27.1112592593 32.9890384314 1.12 -1.16
9.1952 -12.8123304874 15.2677333333 29.3660737255 -1.52 -1.0
10.8254769231 -12.471202958 15.8294814815 29.4376031373 -1.92 0.36
19.4388923077 -12.1479459496 15.1389925926 30.225932549 -3.68 -3.0
3.82590769231 -8.95977788235 42.2423333333 31.6933929412 1.16 -3.48
11.0060307692 -12.7945906555 15.0421037037 29.2195607843 -2.0 -0.72
20.5308923077 -9.21791623529 32.3414148148 29.5264784314 -3.8 2.04
17.2281230769 -12.5772434286 15.4839925926 29.6165207843 -3.32 -2.0
3.216 -9.75056779832 47.6091259259 34.7935341176 2.24 -2.56
3.15729230769 -12.3320077983 28.3213333333 33.9192596078 1.44 -0.92
5.19907692308 -11.6810713277 24.1154592593 30.3581929412 -0.04 -2.24
4.16123076923 -12.3738621849 23.2821333333 31.6138384314 0.48 -1.28
5.84 -12.0318117647 21.5061333333 46.2472501961 3.52 3.68
7.68332307692 -10.2674430924 24.8548148148 29.21856 -0.88 -3.64
7.76732307692 -12.880901916 15.341 29.8328501961 -1.08 -0.44
3.57156923077 -12.9582053109 20.7701925926 33.7416282353 1.04 0.2
4.48996923077 -11.6801435966 15.4424 36.7261364706 1.28 3.0
12.0268923077 -12.0907444706 15.9746 29.0976941176 -2.2 -2.64
3.3456 -8.84028611765 51.0533333333 34.1880596078 2.16 -3.08
4.84763076923 -11.2590537143 53.5197037037 42.3784658824 3.92 -0.76
3.34276923077 -12.996322958 21.4568 35.42096 1.52 0.72
12.8396307692 -8.26218379832 26.1534814815 30.2083482353 -2.08 3.44
4.7544 -12.265792 20.2055925926 42.8963796078 2.92 3.16
3.27507692308 -10.043569479 48.8891259259 35.9776596078 2.56 -2.24
4.45563076923 -12.0199626218 24.3401481481 31.0938070588 0.32 -1.76
3.5328 -8.06337505882 51.4808592593 33.0449537255 1.84 -3.6
4.29323076923 -8.52426218487 41.3999037037 30.9604831373 0.84 -3.84
6.23723076923 -11.1594847731 24.1643481481 29.709894902 -0.44 -2.84
5.2128 -12.9418853109 34.3616 44.9527184314 3.84 1.6
12.7638769231 -7.15934547899 28.1129703704 30.5524517647 -1.96 4.0
3.01316923077 -12.3219995966 32.1013333333 35.9018384314 2.08 -0.64
13.2182769231 -12.7411049412 15.1719925926 29.1557207843 -2.52 -1.2
6.83323076923 -11.8876278319 20.4991703704 29.6061207843 -0.72 -2.32
3.81716923077 -8.23409371429 46.3229259259 31.8482384314 1.32 -3.76
5.36043076923 -10.7901348571 15.1817703704 35.3209129412 0.68 3.4
3.94067692308 -7.5188372437 65.3973333333 36.5653301961 3.04 -3.28
4.04547692308 -12.3151634286 16.5842592593 36.8269207843 1.48 2.44
3.0856 -11.664226958 33.5211481481 33.9869929412 1.64 -1.52
16.2489230769 -11.9289546218 15.1650592593 29.6204737255 -3.08 -3.12
4.62572307692 -12.7883304874 16.0981037037 32.8995607843 0.4 1.12
3.17956923077 -12.9417562353 24.1950814815 35.8461458824 1.76 0.4
5.42049230769 -12.669346958 18.9951037037 30.6186196078 -0.2 -1.08
14.0054769231 -12.4774873277 16.8153703704 29.2069835294 -2.68 -0.16
4.22283076923 -12.291328 18.5463333333 40.3256282353 2.36 2.88
4.33347692308 -12.1490430924 15.701 35.626732549 1.08 2.44
3.42276923077 -12.7901310924 23.2205037037 33.5632031373 1.12 -0.32
13.4904 -8.62372947899 26.2183333333 29.9416501961 -2.28 3.16
3.50916923077 -7.92417989916 56.4757037037 34.345132549 2.32 -3.44
16.8795692308 -11.8450167395 20.5719333333 29.3375184314 -3.24 0.4
10.4145230769 -11.9831115294 16.6797037037 29.727494902 -1.76 1.12
5.05169230769 -6.89714931092 76.9935703704 39.4255184314 3.84 -3.16
3.82307692308 -12.2544575462 40.357237037 40.3300831373 3.24 -0.16
4.25156923077 -12.1657341849 15.8741037037 36.0110901961 1.2 2.48
5.08387692308 -12.7725864874 18.8685259259 30.9816282353 -0.04 -0.8
6.93489230769 -12.5886053109 17.6084148148 29.785772549 -0.8 -1.44
7.98547692308 -12.7633866218 15.008 30.0178541176 -1.12 0.24
3.93390769231 -12.9881508571 27.5285925926 41.0692517647 2.96 1.48
3.92830769231 -9.0938487395 59.8976814815 37.9937537255 3.24 -2.44
4.32849230769 -12.862528 24.6301925926 42.232294902 3.04 2.2
4.33907692308 -11.8939831933 15.7285333333 36.825612549 1.36 2.84
3.63403076923 -9.53573754622 55.3755481481 37.2979137255 3.0 -2.32
9.19729230769 -11.6484635966 16.6333333333 30.2898164706 -1.36 1.68
4.48116923077 -7.12108262185 71.9131481481 38.0568501961 3.48 -3.24
19.0228923077 -9.20356947899 30.8403259259 29.4354070588 -3.52 2.2
12.8691076923 -12.7010866555 15.5879333333 29.1725458824 -2.44 -0.6
5.4408 -12.9285743866 35.5159333333 45.5033537255 3.96 1.6
4.15310769231 -12.4846026218 16.2168592593 35.1413929412 1.04 2.0
8.616 -11.2871663866 16.805837037 30.7720658824 -1.12 2.12
12.0923076923 -12.4670289748 16.2277925926 29.277612549 -2.24 0.16
3.30270769231 -12.9997595966 22.5863333333 36.7106070588 1.88 0.96
8.18830769231 -11.2422948571 16.5904592593 31.0556831373 -0.96 2.24
4.63723076923 -12.0774706555 15.3175333333 34.6785537255 0.76 2.36
21.0153230769 -5.82814494118 42.5623333333 29.5576501961 -3.72 3.64
3.32307692308 -12.9985172437 21.7448 36.0260737255 1.68 0.88
3.46227692308 -12.974597916 21.0421925926 34.2627137255 1.2 0.36
4.07692307692 -12.2294184874 16.62 37.361254902 1.6 2.6
4.92190769231 -11.0753516639 55.1593703704 42.404812549 3.96 -0.88
12.1868923077 -12.679729479 15.0199925926 29.1184501961 -2.28 -1.6
9.91969230769 -12.8173837983 15.0592814815 29.2853364706 -1.72 -0.92
3.50307692308 -12.2614857143 26.4242592593 32.697254902 1.0 -1.2
5.69187692308 -10.9703163697 25.9897703704 29.938854902 -0.2 -2.88
21.0492307692 -12.5480739496 17.4733333333 30.2776470588 -4.0 -1.8
4.52529230769 -12.597169479 21.9761481481 42.5266164706 2.96 2.72
3.02769230769 -12.4677066218 29.5793481481 35.2695184314 1.84 -0.56
5.00307692308 -11.1550655462 54.9659259259 42.6678431373 4.0 -0.8
3.18147692308 -12.9363398992 24.1104814815 35.6941207843 1.72 0.36
5.81907692308 -12.0884049748 15.037837037 32.4112031373 -0.08 1.92
5.61310769231 -12.9498395966 32.9663037037 46.0370007843 3.96 2.0
3.80769230769 -12.624389916 17.6550148148 36.705094902 1.56 2.04
4.86596923077 -9.07907119328 36.2109333333 30.3504784314 0.4 -3.76
21.0947076923 -8.76582077311 34.3327037037 29.5576658824 -3.88 2.24
20.1923076923 -10.5596235294 27.5975925926 29.5650196078 -3.8 1.2
12.6899692308 -12.717745479 15.4821925926 29.1702431373 -2.4 -0.64
3.384 -12.9975798319 24.865837037 38.2748737255 2.32 1.08
3.33476923077 -12.986117916 25.6101333333 38.1152501961 2.32 0.92
3.47630769231 -8.24268531092 51.461837037 33.310732549 1.92 -3.48
16.9449230769 -8.74373109244 29.8841703704 29.463532549 -3.08 2.68
10.6843076923 -12.8062655462 15.0000592593 29.2202384314 -1.92 -0.88
3.70929230769 -9.20127354622 57.4352592593 37.2825066667 3.04 -2.48
4.09329230769 -12.3756950588 18.4948148148 39.7008282353 2.24 2.72
7.99390769231 -12.8336715294 15.669 29.6349301961 -1.16 -0.88
3.14270769231 -10.786402958 38.5958148148 33.7285207843 1.72 -2.16
4.05747692308 -12.8116076639 34.4317037037 41.5200501961 3.28 0.76
3.63292307692 -8.25573485714 48.2639037037 32.4016596078 1.56 -3.64
4.80276923077 -9.70537519328 33.7335333333 30.4200596078 0.36 -3.44
14.0531076923 -11.4106659496 16.3791037037 29.3235607843 -2.6 -3.48
3.95156923077 -12.5357778824 18.9954 39.296972549 2.2 2.48
4.98030769231 -9.22373109244 35.1608 30.2613835294 0.32 -3.72
15.2148923077 -11.9767916639 15.2776592593 29.440614902 -2.88 -3.0
21.272 -8.95154285714 33.9408 29.5804737255 -3.92 2.12
3.53790769231 -7.79345048739 57.413 34.4220517647 2.36 -3.48
4.28196923077 -12.6778853109 21.102637037 31.7074196078 0.4 -0.84
8.23809230769 -10.8434543866 17.1095925926 31.2780737255 -0.92 2.56
21.9969230769 -7.91054789916 37.9414814815 29.6047058824 -4.0 2.6
3.94270769231 -12.4676259496 16.9623333333 36.6412737255 1.48 2.24
8.37932307692 -12.8006249412 15.6485925926 29.5044737255 -1.28 -1.04
3.74609230769 -12.9123318319 18.2093333333 34.675814902 1.12 1.16
8.66892307692 -12.6175230924 16.2085333333 29.3406870588 -1.36 -1.56
4.45563076923 -11.9809172437 46.0053333333 41.9907482353 3.68 -0.24
3.39070769231 -12.979825479 21.3967037037 34.6400031373 1.32 0.44
7.06923076923 -12.6010659496 15.0135333333 30.6848282353 -0.76 0.84
5.99076923077 -11.7298957983 15.1485037037 32.6411796078 -0.08 2.28
4.0528 -9.99118897479 35.6012148148 31.2519529412 0.8 -3.08
3.76929230769 -12.435461916 24.2029259259 32.2665066667 0.76 -1.08
3.81803076923 -12.9083304874 23.1897703704 40.1270117647 2.6 1.88
16.3916923077 -10.6779794286 24.0498 29.336614902 -3.08 1.52
12.3435076923 -12.7259466218 15.4064 29.1771482353 -2.32 -0.6
15.5595692308 -12.3378807395 17.9631037037 29.2670901961 -3.0 -0.12
17.0427076923 -12.5293273277 15.2893333333 29.6112658824 -3.28 -2.16
4.54516923077 -12.3817535462 15.5647037037 34.1587482353 0.68 1.96
3.79489230769 -12.619781916 18.4493259259 37.8937129412 1.88 2.2
3.40203076923 -10.5384244706 48.6599333333 37.2512282353 2.84 -1.8
4.90763076923 -6.54878547899 77.2598148148 38.7864031373 3.72 -3.36
4.66707692308 -12.9603237647 17.284237037 32.0202007843 0.24 0.24
13.0276307692 -10.0689247731 22.6349259259 29.7101207843 -2.28 2.36
10.4710769231 -9.89970662185 20.4843481481 30.5287184314 -1.56 2.84
3.47667692308 -12.952901916 28.1853333333 39.2021301961 2.64 0.88
16.7436923077 -12.6553341849 16.0319037037 29.4717301961 -3.24 -1.44
4.66923076923 -11.2661915966 15.282037037 37.4887058824 1.4 3.4
5.35889230769 -12.6640419496 15.3537481481 32.1027137255 0.0 1.16
5.23827692308 -12.6205111933 41.874637037 44.5930666667 4.0 0.76
3.03187692308 -12.3121253109 30.2661925926 34.8522635294 1.76 -0.8
5.06516923077 -12.3772278319 15.2263333333 33.0668737255 0.28 1.76
6.39507692308 -11.9038655462 21.0460148148 29.7719184314 -0.56 -2.24
4.71747692308 -7.95400766387 70.530037037 39.389932549 3.72 -2.76
3.56990769231 -8.9986167395 56.5362592593 36.4602635294 2.84 -2.68
18.2475076923 -12.6110693109 16.8136592593 29.6810541176 -3.52 -1.4
4.78947692308 -11.5249866218 15.1282592593 35.6186541176 0.92 2.96
13.4323076923 -12.1413243697 15.454837037 29.1992501961 -2.52 -2.68
3.04707692308 -12.5698167395 30.3339481481 36.3373835294 2.12 -0.28
5.06510769231 -10.260145479 30.5008592593 30.2496596078 0.16 -3.2
3.024 -12.4981878319 29.7929481481 35.5660266667 1.92 -0.48
3.22283076923 -10.071557916 47.7335925926 35.5866007843 2.44 -2.28
4.45507692308 -12.9128739496 16.8221259259 32.7490164706 0.44 0.76
20.1788307692 -12.4942235966 16.1068148148 30.2153537255 -3.84 -2.28
3.51969230769 -12.9399798319 21.2672814815 33.7816501961 1.08 0.12
12.2036307692 -12.6263437983 15.0663333333 29.113932549 -2.28 -1.76
3.85396923077 -12.6257064874 17.2969703704 36.1435764706 1.4 1.96
3.50590769231 -10.324997916 37.2823333333 32.2992596078 1.24 -2.68
12.7948923077 -9.80826783193 22.9734148148 29.8195764706 -2.2 2.56
21.5859692308 -11.6095666555 15.0501925926 30.9440470588 -4.0 -3.76
6.82467692308 -11.4748084706 15.5949259259 31.9620831373 -0.44 2.32
16.8012923077 -11.5790047731 15.3727037037 29.7816282353 -3.16 -3.52
10.5764307692 -12.7236877983 15.2093259259 29.3453207843 -1.88 -0.2
9.52929230769 -9.77113438655 19.730037037 31.0594164706 -1.24 3.08
18.9182769231 -11.2630873277 24.0709333333 29.4824784314 -3.6 0.76
4.15507692308 -11.3806316639 28.4380148148 31.2573458824 0.56 -2.24
5.98529230769 -11.2843767395 15.3223333333 33.195212549 0.04 2.72
4.01150769231 -10.3663666555 54.5449703704 39.3598901961 3.4 -1.64
3.62929230769 -9.27392376471 56.3192592593 37.0207341176 2.96 -2.48
12.1342769231 -9.50378648739 22.9189333333 30.069772549 -2.0 2.84
17.8292307692 -11.3502117647 22.9842592593 29.3887058824 -3.4 0.8
4.08123076923 -12.0958655462 43.1912 41.0214870588 3.44 -0.24
3.444 -11.9338853109 28.6898 32.6683796078 1.08 -1.52
5.86172307692 -12.9278644706 16.0809703704 30.8722007843 -0.36 0.0
6.92787692308 -12.2752338824 15.1048592593 31.1236517647 -0.64 1.4
3.91569230769 -11.4422184874 29.0661333333 31.6008031373 0.72 -2.12
4.13569230769 -12.9776876639 27.4151333333 41.7805364706 3.08 1.68
4.99396923077 -11.4374249412 25.6637333333 30.4538070588 0.08 -2.4
5.63907692308 -12.9229676639 16.766837037 30.8608658824 -0.28 -0.28
6.67827692308 -9.71512847059 28.5944 29.4338384314 -0.48 -3.8
17.0145230769 -6.60897505882 35.1677037037 29.6898007843 -2.96 3.72
3.44289230769 -12.9825489748 20.2653259259 35.5427796078 1.48 1.0
4.61323076923 -12.9594621849 17.2391333333 32.1452737255 0.28 0.32
11.6204307692 -11.0451511933 19.3315259259 29.755654902 -2.0 1.84
4.0224 -12.380741916 18.0823703704 39.0352031373 2.08 2.64
7.63003076923 -12.5574335462 15.0501925926 30.4085301961 -0.96 0.8
10.4451692308 -11.1130175462 18.3333333333 30.0616031373 -1.68 1.96
3.55667692308 -12.9257637647 19.197037037 35.6663184314 1.44 1.28
15.5060307692 -12.5987990588 16.6448814815 29.2819137255 -3.0 -0.72
4.03876923077 -11.4570621849 48.0325333333 40.3586635294 3.44 -0.84
4.50332307692 -12.8637864874 19.1993703704 31.7080501961 0.28 -0.44
14.1964307692 -7.91225976471 28.5684148148 29.9382431373 -2.4 3.44
3.33772307692 -11.0322484706 45.5237333333 37.416972549 2.8 -1.48
10.2899076923 -10.4138664874 19.4411481481 30.3969537255 -1.56 2.52
3.99723076923 -9.47139495798 38.4619481481 31.3408658824 0.92 -3.32
5.65347692308 -12.1702034286 21.0909259259 30.2093364706 -0.28 -1.84
4.31243076923 -12.7613375462 23.0057703704 41.9781207843 2.92 2.4
4.03969230769 -10.997189916 30.7659481481 31.3432658824 0.68 -2.48
5.45796923077 -6.00277942857 83.0750814815 39.7358901961 4.0 -3.44
6.75347692308 -12.9045630924 15.5903703704 30.3176501961 -0.72 -0.16
10.9384 -10.0929247731 20.6023333333 30.2695717647 -1.72 2.64
5.65587692308 -12.1259466218 15.0345481481 32.5739137255 0.0 1.92
5.07076923077 -12.6228426218 41.2861333333 44.1840658824 3.92 0.72
5.35692307692 -12.3573066218 20.7245333333 30.4717929412 -0.16 -1.56
7.23969230769 -10.9068369748 16.310837037 32.0514070588 -0.52 2.72
3.0072 -12.0887647731 32.4937703704 35.0250070588 1.88 -1.0
5.40523076923 -9.08625909244 34.2877259259 29.9668737255 0.12 -3.88
4.96369230769 -12.9621501849 32.3861333333 44.3354070588 3.68 1.68
13.2230769231 -12.7318066555 15.1072814815 29.1544501961 -2.52 -1.32
3.48676923077 -12.9259831933 20.1845333333 36.7760282353 1.76 1.44
19.1238769231 -6.63777183193 37.9287333333 29.5368941176 -3.4 3.48
16.3188307692 -12.5554941849 17.117 29.3533929412 -3.16 -0.72
9.70449230769 -10.9651162353 18.0429333333 30.405094902 -1.44 2.2
4.11403076923 -11.257541916 29.1933259259 31.2856784314 0.6 -2.32
4.84923076923 -11.309794958 53.1581333333 42.4255717647 3.92 -0.72
19.7323692308 -8.93607959664 32.3703333333 29.4684517647 -3.64 2.28
3.47852307692 -12.7103607395 23.5659259259 33.2350870588 1.04 -0.52
5.80430769231 -12.6008739496 25.6895703704 46.5052831373 3.76 3.04
4.58812307692 -12.1385798992 18.9847333333 41.9515796078 2.68 3.2
4.28836923077 -12.2705677983 15.8213333333 35.3762635294 1.04 2.28
3.56547692308 -9.53247354622 54.6544814815 36.9997207843 2.92 -2.36
3.71723076923 -12.6488739496 35.3686148148 40.2413364706 3.08 0.32
7.07076923077 -11.8391663866 20.3703703704 29.5214901961 -0.8 -2.4
3.68769230769 -10.8446612437 49.6176814815 38.6937537255 3.16 -1.44
3.54276923077 -12.9778957983 19.5685037037 34.9153129412 1.28 0.92
17.7769230769 -11.5630655462 22.1783333333 29.3945882353 -3.4 0.6
3.34196923077 -12.9376951933 22.3106592593 34.4525207843 1.32 0.2
6.20670769231 -12.911621916 16.2743333333 30.4896658824 -0.52 -0.36
4.42092307692 -12.1297478992 18.3848 41.0601129412 2.48 3.12
3.18092307692 -10.0764369748 43.4760592593 33.9748266667 1.92 -2.52
3.45723076923 -8.18055636975 54.6325333333 34.1930635294 2.24 -3.36
9.19716923077 -12.8343249748 15.1605925926 29.3992031373 -1.52 -0.84
3.14547692308 -12.889408 26.6028148148 36.7900737255 2.08 0.36
3.13963076923 -12.4408830924 27.789 34.1389207843 1.48 -0.76
6.17630769231 -10.5594621849 15.7778 33.782732549 0.12 3.28
4.6464 -11.8596313277 15.2525925926 35.2332266667 0.88 2.64
9.42276923077 -12.402097479 15.5569481481 29.801132549 -1.52 0.72
5.78769230769 -11.9269878319 21.9151703704 30.0616031373 -0.32 -2.12
3.98849230769 -12.9867035966 27.6279925926 41.2734431373 3.0 1.52
3.06830769231 -10.892357916 40.7067259259 34.850732549 2.08 -1.92
7.59556923077 -10.7055209412 16.7693037037 31.8796517647 -0.64 2.8
10.3772307692 -9.79892436975 20.5582814815 30.6112501961 -1.52 2.92
19.1084307692 -10.4935464874 26.9096 29.4563607843 -3.6 1.36
4.18430769231 -12.1819444706 16.0672814815 36.4067796078 1.32 2.52
4.25870769231 -9.36900732773 61.2094814815 39.266732549 3.52 -2.16
4.40812307692 -11.6693093109 15.8812148148 38.2205207843 1.68 3.2
11.5950769231 -11.8413219496 16.6688 29.0781835294 -2.08 -2.88
3.39027692308 -11.8145516639 41.1584 38.3443796078 2.88 -0.8
18.5603076923 -7.20516732773 35.7552814815 29.517132549 -3.32 3.28
3.05692307692 -11.357189916 39.6441703704 35.782214902 2.28 -1.48
7.77156923077 -12.7251350588 15.0079703704 30.1600596078 -1.04 0.4
14.8523076923 -9.03580342857 26.856237037 29.6130007843 -2.64 2.76
12.3187076923 -12.2787511933 16.8393703704 29.3080501961 -2.28 0.44
18.4902769231 -8.87754379832 31.2134148148 29.4292235294 -3.4 2.44
4.88547692308 -11.6054975462 25.1863333333 30.5746384314 0.12 -2.24
10.6446769231 -11.7555318319 17.4013333333 29.0576282353 -1.84 -2.88
5.48849230769 -9.84169519328 30.9918814815 29.9499137255 0.0 -3.52
4.43747692308 -12.3426678319 19.701 41.667532549 2.68 2.96
3.48030769231 -12.9306476639 20.6503925926 37.1957364706 1.88 1.48
5.03987692308 -9.74094359664 63.9117333333 41.5995607843 4.0 -1.72
4.16867692308 -12.9595977143 30.8927037037 41.963212549 3.24 1.28
4.75310769231 -6.39297989916 76.6052148148 38.2442666667 3.6 -3.48
4.30596923077 -12.9682941849 17.7344 32.6020737255 0.48 0.4
9.18092307692 -11.6912763697 16.5593481481 30.2743341176 -1.36 1.64
5.35316923077 -9.31455354622 33.5238148148 30.0059796078 0.12 -3.76
3.36209230769 -12.9905516639 22.0339259259 37.022732549 1.92 1.16
20.0268923077 -11.2651444706 24.8560814815 29.613772549 -3.8 0.64
5.95329230769 -12.8501093109 15.4811481481 31.1026007843 -0.36 0.48
3.41150769231 -9.00681788235 46.5622148148 33.026214902 1.72 -3.2
8.36363076923 -11.638528 16.2023333333 30.6992501961 -1.08 1.84
3.728 -10.7045915966 33.7566814815 31.8108831373 0.96 -2.56
6.22209230769 -11.3830550588 15.3783333333 32.7410384314 -0.12 2.56
11.1126769231 -11.7993562353 17.0183333333 29.0631341176 -1.96 -2.88
19.8659076923 -6.91414695798 38.1753703704 29.5122007843 -3.56 3.28
7.06049230769 -12.5032701849 17.8525259259 29.7021301961 -0.84 -1.6
10.6832 -12.7993583866 15.007437037 29.2040031373 -1.92 -1.0
8.94030769231 -11.470661916 19.5135703704 29.1216282353 -1.36 -2.96
4.16129230769 -6.815488 69.8183333333 36.7361066667 3.16 -3.52
4.01230769231 -12.4253310924 16.6205333333 36.2743184314 1.36 2.24
3.27876923077 -9.92471018487 42.2888 33.2477207843 1.68 -2.72
5.54547692308 -11.3098772437 15.1503703704 33.9349835294 0.32 2.84
3.44147692308 -12.3971990588 36.5997037037 38.9904031373 2.88 -0.16
3.80683076923 -12.9783007731 19.4073703704 33.348812549 0.84 0.32
3.76836923077 -12.8461111933 32.461037037 40.5276831373 3.04 0.72
20.5688 -9.07239636975 32.8327333333 29.524972549 -3.8 2.12
13.0163076923 -12.2087663866 17.3359037037 29.2704282353 -2.44 0.44
3.48227692308 -8.05321519328 55.5488814815 34.2688031373 2.28 -3.4
7.33310769231 -11.122181916 16.1746592593 31.7894431373 -0.6 2.52
5.91772307692 -12.8371323697 29.4640814815 46.8551184314 3.96 2.6
22.8924307692 -4.58916732773 48.4749333333 29.6271058824 -4.0 3.96
19.6196307692 -12.2517743866 15.2743333333 30.2285207843 -3.72 -2.84
3.26363076923 -9.37700194958 47.9788148148 34.1547796078 2.08 -2.84
4.51372307692 -11.537477916 15.4821925926 37.4236831373 1.44 3.2
4.73470769231 -11.7010861176 17.4642592593 41.732332549 2.52 3.56
5.95809230769 -10.6170315294 26.7913703704 29.7698541176 -0.28 -3.16
6.2336 -12.124997916 22.884 47.3952596078 3.76 3.68
14.1932307692 -8.96739495798 26.2840592593 29.7258384314 -2.48 2.88
18.4523076923 -11.4042637983 23.2200592593 29.4461364706 -3.52 0.68
16.3369230769 -12.445297479 17.7545703704 29.3359341176 -3.16 -0.44
6.80843076923 -10.5199908571 25.4694148148 29.4443607843 -0.6 -3.36
12.3411692308 -12.7333958992 15.3699259259 29.1738070588 -2.32 -0.64
5.21870769231 -11.9809172437 15.0601481481 33.4938070588 0.32 2.24
5.56836923077 -12.935488 16.5774814815 30.9969066667 -0.24 -0.12
17.7105230769 -10.9983935462 24.1013333333 29.3713537255 -3.36 1.12
5.21243076923 -12.9324998992 17.2096592593 31.211532549 -0.08 -0.2
14.8488 -10.8116049748 22.4119333333 29.364812549 -2.76 1.6
15.7052307692 -12.5998655462 16.6806814815 29.3002164706 -3.04 -0.76
13.2420923077 -12.0345158992 17.9512592593 29.2883796078 -2.48 0.64
21.0355692308 -12.5453778824 17.7557333333 30.2441882353 -4.0 -1.68
3.13723076923 -10.4025546218 41.9369481481 34.1200031373 1.92 -2.32
5.46676923077 -12.6079327731 15.2479037037 32.0736282353 -0.04 1.24
9.82043076923 -12.7675412437 15.0597333333 29.4466384314 -1.68 -0.2
7.52652307692 -10.8770866555 16.5441481481 31.8103341176 -0.64 2.68
9.62196923077 -10.1699506555 19.2247333333 30.8146384314 -1.32 2.8
11.9363076923 -8.79515966387 24.0459481481 30.3483796078 -1.88 3.28
16.3483692308 -12.6464150588 15.5703333333 29.4482635294 -3.16 -1.68
11.0219076923 -10.251328 20.3912592593 30.1837301961 -1.76 2.52
5.06510769231 -12.9442861176 17.2064 31.406854902 0.0 -0.08
6.08516923077 -12.5709864874 18.6157037037 30.148614902 -0.48 -1.36
5.22516923077 -10.416581916 15.1389259259 36.8933207843 1.08 3.84
9.22670769231 -12.6009562353 15.9712592593 29.248614902 -1.52 -1.64
4.54707692308 -11.4728739496 15.9916148148 39.3536501961 1.92 3.48
3.50049230769 -12.3584037647 25.8395481481 32.7739137255 1.0 -1.08
9.63476923077 -12.7256739496 15.4242 29.2449066667 -1.64 -1.36
4.09230769231 -9.78395966387 36.4059259259 31.1936470588 0.8 -3.2
5.80609230769 -12.8170207731 15.442037037 31.3122070588 -0.28 0.64
4.9992 -11.7112943866 15.0738592593 34.4834196078 0.6 2.64
15.2292307692 -12.4575596639 15.0098 29.36816 -2.92 -2.28
5.04443076923 -12.8549012437 27.0736592593 44.5456031373 3.52 2.4
4.41489230769 -12.872866958 25.1717333333 42.5643796078 3.12 2.2
13.2393230769 -12.6388076639 15.941 29.1834384314 -2.52 -0.44
3.6768 -8.45670077311 46.4599703704 32.1756831373 1.44 -3.6
21.2164923077 -5.87696295798 42.7069333333 29.5590870588 -3.76 3.6
4.66043076923 -7.90852947899 70.323437037 39.2018541176 3.68 -2.8
17.9822769231 -7.16529909244 35.1177481481 29.5467137255 -3.2 3.36
3.47107692308 -11.0337247731 33.597237037 32.3950870588 1.16 -2.24
3.82307692308 -10.1685243697 54.2141259259 38.5789301961 3.24 -1.84
5.16609230769 -10.5410301849 15.1143333333 36.8178384314 1.08 3.76
15.656 -9.93719018487 25.4493925926 29.4165207843 -2.88 2.12
11.2006769231 -12.6235767395 15.2349259259 29.1116831373 -2.04 -1.72
5.48923076923 -10.1319798319 15.3341333333 36.356614902 0.88 3.92
6.84523076923 -11.4271230924 15.6402 31.9856596078 -0.44 2.36
18.2323076923 -12.3126335462 15.1472814815 29.9092737255 -3.48 -2.68
5.26596923077 -11.4575284706 15.0677333333 34.3018384314 0.48 2.8
6.07630769231 -12.6968739496 17.9796148148 30.2378384314 -0.48 -1.12
5.17729230769 -11.8102066555 23.5931481481 30.4054870588 -0.04 -2.12
14.0724923077 -11.9093367395 15.6093037037 29.2877301961 -2.64 -3.0
7.38147692308 -10.5585844706 16.7415925926 32.1965364706 -0.52 2.96
10.2441230769 -12.6663653109 15.3911925926 29.1650666667 -1.8 -1.56
3.48849230769 -12.8003990588 31.767437037 39.3654431373 2.8 0.48
3.76732307692 -12.968866958 24.7463333333 40.1658384314 2.68 1.64
20.948 -11.2479193277 25.5839037037 29.742412549 -3.96 0.56
3.19347692308 -12.8488266218 28.4317037037 37.5684266667 2.32 0.36
20.2699076923 -12.3462061176 15.5841481481 30.3330007843 -3.84 -2.68
20.7668307692 -5.20534695798 43.826037037 29.5822870588 -3.64 3.92
4.84627692308 -11.2075412437 53.8829925926 42.3314541176 3.92 -0.8
8.53089230769 -11.2133093109 16.8487333333 30.8640031373 -1.08 2.2
13.9513230769 -12.714082958 15.581 29.18816 -2.68 -0.96
3.74369230769 -12.3824118319 38.6375333333 40.154694902 3.16 -0.04
6.96596923077 -11.9821595966 15.2863037037 31.3718901961 -0.6 1.76
13.2428923077 -12.6831177143 15.016437037 29.1547796078 -2.52 -1.6
4.84910769231 -5.77486897479 79.3909925926 38.0155607843 3.6 -3.72
21.6184 -6.80092342857 40.7113703704 29.5609129412 -3.88 3.16
8.68467692308 -12.5342693109 16.4797037037 29.3098164706 -1.36 -1.72
3.87347692308 -10.1365878319 54.756 38.7212266667 3.28 -1.84
5.13403076923 -11.5718249412 24.739437037 30.3790901961 0.0 -2.32
4.40436923077 -12.9352943866 18.6189259259 32.0410007843 0.36 -0.12
3.54276923077 -12.542626958 24.4495703704 32.8408596078 0.96 -0.84
5.85969230769 -11.5413243697 23.369837037 29.9400501961 -0.32 -2.48
6.70707692308 -12.6380009412 17.6036148148 29.901414902 -0.72 -1.32
3.06590769231 -11.9883035966 36.274037037 36.5479341176 2.36 -0.88
4.20203076923 -12.194929479 17.8351037037 39.7706196078 2.2 2.92
20.5233230769 -12.4098807395 19.4054814815 29.9754384314 -3.92 -0.96
7.18356923077 -11.8550523697 20.1725259259 29.4913066667 -0.84 -2.4
7.25169230769 -11.9970194286 15.3613925926 31.1402384314 -0.72 1.68
5.13692307692 -12.7350335462 25.4258 44.7290384314 3.48 2.68
3.11556923077 -12.687941916 26.4549925926 34.7950901961 1.6 -0.32
3.25907692308 -12.4830666218 34.2620148148 38.1450007843 2.64 -0.16
3.5208 -12.0762363697 40.1035481481 39.0946196078 3.0 -0.48
5.11427692308 -12.634225479 24.1639333333 44.577772549 3.4 2.84
3.58036923077 -12.8829138824 30.7063333333 39.7682635294 2.84 0.72
3.42332307692 -12.4231916639 25.8304814815 33.030732549 1.08 -0.96
11.1507692308 -12.2259092437 16.0525925926 29.077254902 -2.0 -2.4
6.68972307692 -10.4686026218 16.2430814815 33.0869929412 -0.16 3.2
5.97876923077 -12.8048763697 17.4487925926 30.3969537255 -0.44 -0.84
3.09630769231 -12.6554713277 26.9495333333 34.8726870588 1.64 -0.36
19.5907692308 -12.4154487395 19.0565333333 29.7941458824 -3.76 -0.84
4.9312 -12.956741916 32.8745481481 44.2333835294 3.68 1.6
4.76492307692 -11.0154621849 15.3600592593 38.755814902 1.68 3.72
5.29396923077 -12.9556237983 31.7725259259 45.2409882353 3.8 1.96
15.6777230769 -12.3403977143 15.0102148148 29.4534431373 -3.0 -2.52
3.68067692308 -11.0134873277 48.594037037 38.8144596078 3.16 -1.32
5.94430769231 -12.8608306555 15.5216814815 31.0828831373 -0.36 0.44
5.60116923077 -12.6425508571 18.8847037037 30.4757364706 -0.28 -1.16
18.2108307692 -11.853317916 15.0414814815 30.0301301961 -3.44 -3.32
16.3676307692 -12.1557421176 15.032 29.6008031373 -3.12 -2.84
4.56190769231 -12.6842551933 38.565 42.9164831373 3.64 0.68
4.61323076923 -8.87421848739 65.8406148148 39.8459796078 3.72 -2.32
4.80609230769 -11.2747493109 15.122037037 36.3363796078 1.08 3.24
5.34923076923 -12.5628773109 15.2487925926 32.302412549 0.04 1.36
16.236 -11.241989916 22.214837037 29.3091796078 -3.08 1.08
4.09876923077 -12.7859135462 35.0738 41.6354070588 3.32 0.72
4.31243076923 -12.1846598992 15.7479925926 35.5922384314 1.08 2.4
10.5444923077 -10.0644151933 20.275437037 30.4324235294 -1.6 2.72
19.7857230769 -11.3360150588 24.4069333333 29.5908517647 -3.76 0.6
4.88467692308 -12.0207177143 15.1565925926 34.1328282353 0.56 2.32
4.40289230769 -10.3277859496 32.4608814815 30.835014902 0.52 -3.0
8.07803076923 -10.4637751933 17.4292148148 31.6459137255 -0.8 2.88
5.05483076923 -12.9389972437 16.533 31.693094902 0.04 0.32
5.09243076923 -12.8384118319 15.8741037037 32.0425129412 0.08 0.8
5.53649230769 -12.9058409412 17.130637037 30.864812549 -0.24 -0.4
3.09729230769 -12.1496884706 30.1789259259 34.1063184314 1.56 -1.08
5.20529230769 -11.2046612437 15.084 34.944012549 0.64 3.08
14.8329230769 -11.3854316639 16.1282 29.4437301961 -2.76 -3.56
3.07790769231 -12.6785516639 29.54 36.6410007843 2.16 -0.08
7.34492307692 -10.1864739496 25.6825703704 29.2828517647 -0.76 -3.64
19.4900923077 -12.0367343866 15.0733333333 30.2741207843 -3.68 -3.16
9.93150769231 -12.8223661176 15.0007333333 29.3433129412 -1.72 -0.6
8.96916923077 -10.8374523697 21.3463333333 29.0821207843 -1.32 -3.44
12.3411692308 -12.7356030924 15.0072592593 29.12976 -2.32 -1.36
13.2523076923 -12.0009546218 18.0528 29.2936031373 -2.48 0.68
4.53630769231 -12.0003995966 15.3831333333 35.24336 0.92 2.52
15.5630769231 -10.2540143866 24.5236148148 29.3885207843 -2.88 1.92
4.02732307692 -12.4552701849 16.5493333333 35.9642070588 1.28 2.16
3.6664 -12.4705059496 37.2527037037 39.9379482353 3.08 0.04
4.81790769231 -12.9471177143 33.250037037 43.9047184314 3.64 1.48
7.25070769231 -12.8362175462 15.1352592593 30.2512658824 -0.88 0.16
3.29710769231 -10.0553718319 41.0957333333 33.0875607843 1.6 -2.68
11.3243076923 -12.7909958992 15.0302814815 29.1817129412 -2.08 -0.88
4.05452307692 -12.2579506555 17.1641481481 38.2388831373 1.84 2.68
7.65950769231 -11.8774550588 19.5423037037 29.3727529412 -1.0 -2.44
3.15729230769 -11.6763035966 39.7405925926 37.0025537255 2.56 -1.08
11.0832 -12.6049253109 15.5808592593 29.3384784314 -2.0 0.04
4.60590769231 -12.9733394286 30.0708148148 43.3342870588 3.44 1.72
4.85692307692 -12.2614857143 20.4687037037 43.2854901961 3.0 3.2
9.52830769231 -10.8714395966 20.6471333333 29.0496658824 -1.48 -3.48
5.23156923077 -11.4980937143 24.8359333333 30.2964517647 -0.04 -2.4
3.30812307692 -12.5769207395 33.6217703704 38.4428737255 2.68 0.0
13.9009230769 -11.0107831933 21.1405333333 29.4061929412 -2.56 1.56
8.15076923077 -12.426097479 15.2200592593 30.2666541176 -1.12 0.92
3.20030769231 -12.9001906555 23.9495333333 35.0706007843 1.56 0.16
10.5670769231 -12.6079327731 15.4311333333 29.130732549 -1.88 -1.72
3.14516923077 -11.9149563697 31.1143333333 33.7019796078 1.48 -1.36
4.83710769231 -11.0099506555 27.9577703704 30.5044235294 0.2 -2.68
8.91667692308 -12.3581859496 15.4801481481 29.9980517647 -1.36 0.88
4.09329230769 -12.9770713277 27.1134814815 41.618694902 3.04 1.68
16.7276307692 -11.2099807731 15.7823703704 29.8184501961 -3.12 -3.84
12.2187692308 -12.5885714286 15.894837037 29.2316266667 -2.28 -0.12
5.38763076923 -12.1737078319 21.2944814815 45.0018070588 3.32 3.44
15.4433230769 -11.3432884706 15.9859259259 29.5520501961 -2.88 -3.64
4.24830769231 -12.0851764706 24.5963481481 31.3541929412 0.44 -1.64
4.23323076923 -12.9612773109 31.0045037037 42.1749207843 3.28 1.32
4.62276923077 -11.2823663866 15.5261333333 38.5480501961 1.68 3.52
5.79267692308 -12.5690551933 19.0064814815 30.3084831373 -0.36 -1.32
4.76652307692 -12.2369064874 15.2988148148 33.9509929412 0.56 2.08
9.78892307692 -12.8213915966 15.0009481481 29.3788737255 -1.68 -0.52
8.73772307692 -9.81025236975 18.854637037 31.5548831373 -0.96 3.2
3.08843076923 -12.5726693109 31.2407333333 36.9116266667 2.28 -0.2
4.48676923077 -11.862385479 17.3328 40.6677207843 2.32 3.32
21.0123076923 -12.2087663866 20.9933333333 29.9811764706 -4.0 -0.6
4.12769230769 -7.57518359664 67.2283481481 37.319494902 3.24 -3.16
3.46276923077 -12.52 24.9872 33.0197458824 1.04 -0.84
11.0633230769 -11.3738019496 18.261 29.7869207843 -1.88 1.64
3.14270769231 -12.7722315294 29.1943333333 37.2466384314 2.28 0.16
4.93027692308 -10.7494034286 15.3826592593 39.7720658824 1.88 4.0
8.08892307692 -11.1375596639 21.4672814815 29.205414902 -1.08 -3.12
16.9332307692 -10.1412635966 26.0807925926 29.36544 -3.16 1.84
6.06 -12.049009479 20.9625703704 29.9564831373 -0.44 -2.04
9.44116923077 -12.0175666555 16.1753703704 30.0047717647 -1.48 1.24
13.4481230769 -10.2836372437 22.5381925926 29.5918901961 -2.4 2.16
11.1340307692 -12.2838383866 15.9357333333 29.0802666667 -2.0 -2.32
3.62603076923 -12.6493402353 34.8567333333 39.894854902 3.0 0.28
19.9884923077 -12.428741916 15.7479925926 30.2230901961 -3.8 -2.48
7.99390769231 -12.7720830924 15.9863333333 29.5711184314 -1.16 -1.12
3.19347692308 -12.8488266218 28.4317037037 37.5684266667 2.32 0.36
3.78012307692 -12.7894518319 33.5687333333 40.5493364706 3.08 0.6
3.17556923077 -12.7729172437 29.627637037 37.5478870588 2.36 0.2
3.86067692308 -12.6377637647 17.2543703704 35.9889537255 1.36 1.92
10.2204923077 -12.8129435966 15.0247333333 29.2539137255 -1.8 -0.92
14.7723692308 -12.3993723697 17.3993703704 29.2295184314 -2.84 -0.12
7.67772307692 -12.6859977143 15.0102148148 30.2503058824 -1.0 0.52
4.45716923077 -12.5237609412 15.794037037 34.0069835294 0.68 1.76
12.2169230769 -10.6272849748 20.6930592593 29.7388737255 -2.12 2.08
3.29710769231 -12.993649479 22.0557333333 35.6174431373 1.6 0.68
17.8366769231 -12.6195108571 16.056 29.6687184314 -3.44 -1.72
3.17076923077 -10.363589916 41.2064814815 33.7579607843 1.8 -2.4
4.31150769231 -12.876145479 19.4955259259 31.9784784314 0.4 -0.36
9.60923076923 -11.1067444706 19.9111703704 29.0549207843 -1.52 -3.32
4.66923076923 -11.9602957983 47.1309259259 42.5371764706 3.8 -0.2
13.7652923077 -12.7283990588 15.3988148148 29.1793066667 -2.64 -1.08
3.29636923077 -12.9939398992 24.517037037 37.576294902 2.16 0.92
3.82227692308 -11.5976077983 45.7549925926 39.7930384314 3.28 -0.8
3.29870769231 -12.9999177143 22.8254814815 36.836614902 1.92 0.96
3.35292307692 -12.9923764706 21.9597259259 36.8581835294 1.88 1.12
12.2489230769 -12.4952739496 16.1935037037 29.2568031373 -2.28 0.08
8.70676923077 -10.7918047731 21.7874592593 29.1034164706 -1.24 -3.44
10.1585230769 -12.6579963697 15.2853333333 29.463212549 -1.76 0.08
6.96683076923 -10.7377172437 16.2583333333 32.4833537255 -0.36 2.92
4.48523076923 -11.4337882353 50.5410592593 41.600332549 3.72 -0.72
10.4726769231 -10.6493375462 19.1887037037 30.232012549 -1.64 2.32
7.26276923077 -9.81332436975 17.2987259259 32.9612266667 -0.32 3.52
10.8616 -12.7720701849 15.1143333333 29.2664282353 -1.96 -0.48
8.28849230769 -11.9133913277 18.7837333333 29.2534431373 -1.2 -2.48
14.7227692308 -12.616901916 16.3655333333 29.2264596078 -2.84 -0.64
3.09969230769 -10.597637916 42.2102814815 34.6952031373 2.08 -2.12
9.15507692308 -11.7245714286 18.5793481481 29.1213301961 -1.44 -2.76
11.348 -12.1119193277 16.2105703704 29.0751184314 -2.04 -2.56
19.9089230769 -12.1345882353 15.1829037037 30.3402635294 -3.76 -3.04
4.58030769231 -12.8901630924 18.7940148148 31.6792596078 0.24 -0.36
4.72049230769 -12.2232567395 22.6549333333 30.916012549 0.16 -1.6
5.4408 -12.8886383866 17.4368814815 30.8875607843 -0.2 -0.48
20.1729230769 -8.10141848739 35.2840592593 29.4908737255 -3.68 2.68
6.46467692308 -10.1816077983 16.2287037037 33.7415184314 0.04 3.48
21.8547692308 -5.14207731092 45.5326814815 29.5889537255 -3.84 3.84
3.18307692308 -12.7911798319 29.4055333333 37.58624 2.36 0.24
5.53292307692 -11.890594958 20.1316148148 45.1904501961 3.28 3.72
3.35889230769 -8.85070897479 52.4345481481 34.6748737255 2.32 -3.0
5.26652307692 -10.4688575462 29.0571481481 30.1309301961 0.04 -3.12
3.24590769231 -12.9544104874 26.1939259259 37.6104282353 2.24 0.68
12.4668923077 -11.7942141849 16.3577703704 29.1299796078 -2.28 -3.0
4.42707692308 -12.8065882353 35.9707259259 42.6500737255 3.52 0.88
4.00707692308 -10.5372369748 33.1616814815 31.3415184314 0.76 -2.76
3.63323076923 -11.0945226218 47.7608 38.711814902 3.12 -1.28
4.36510769231 -12.412465479 15.7947481481 34.601894902 0.84 2.0
3.44036923077 -8.78489976471 54.924 35.4136596078 2.56 -2.92
3.47883076923 -12.9411673277 19.9943333333 36.2957458824 1.64 1.32
13.4075076923 -11.4944763697 19.5292148148 29.3700737255 -2.48 1.2
4.76030769231 -12.6236541849 22.9927925926 43.4224596078 3.16 2.76
4.92996923077 -12.6291802353 23.5683259259 43.9944501961 3.28 2.8
5.04923076923 -12.105989916 22.5103703704 30.591372549 0.0 -1.8
18.6636923077 -12.3423193277 15.245237037 29.9858007843 -3.56 -2.64
5.25292307692 -11.8686537143 23.1741333333 30.3688501961 -0.08 -2.08
4.27587692308 -12.5511653109 16.0658592593 34.444012549 0.84 1.8
4.53723076923 -11.4585723697 26.8088 30.8509364706 0.32 -2.28
8.92652307692 -9.87761048739 18.961037037 31.3824596078 -1.04 3.12
17.0224 -12.5667963697 15.3893333333 29.5905129412 -3.28 -2.04
5.63630769231 -12.1119596639 21.5086814815 45.7111341176 3.44 3.56
18.6532307692 -11.3091350588 15.2903925926 30.2424501961 -3.48 -3.88
4.68307692308 -12.7692466555 37.5796148148 43.3321129412 3.68 0.88
15.5452307692 -11.0548237983 16.3649481481 29.6000501961 -2.88 -3.88
19.1588923077 -12.5946847731 16.8864 29.8685207843 -3.68 -1.6
10.1796307692 -11.7509609412 17.7202592593 29.0639717647 -1.72 -2.84
14.2116307692 -12.0557859496 15.386037037 29.2921129412 -2.68 -2.84
5.24436923077 -10.7282543866 15.1383333333 35.878694902 0.84 3.52
8.43550769231 -11.4572541849 16.472437037 30.771532549 -1.08 2.0
9.92363076923 -12.8260447731 15.0162592593 29.3135717647 -1.72 -0.76
4.49507692308 -9.86180194958 34.2151333333 30.7128031373 0.52 -3.28
8.43347692308 -12.4471513277 16.9333333333 29.329414902 -1.28 -1.84
3.51507692308 -8.11033277311 57.1925037037 34.9010541176 2.48 -3.28
15.8268307692 -12.0480607731 19.2321481481 29.2781929412 -3.04 0.28
4.61076923077 -11.3064809412 15.5855037037 38.6868266667 1.72 3.52
10.6724307692 -7.88934077311 23.9458592593 31.267654902 -1.4 3.96
12.9780307692 -9.24209048739 24.3527333333 29.9159529412 -2.2 2.88
4.16307692308 -11.5990066555 47.6822814815 40.8459796078 3.52 -0.68
14.5129230769 -7.42393277311 30.0007925926 29.9706635294 -2.44 3.64
4.34430769231 -9.37426554622 37.1111333333 30.8691482353 0.68 -3.48
3.52523076923 -8.83549579832 45.9430148148 32.5693301961 1.56 -3.36
4.39907692308 -12.0762363697 44.8855333333 41.9193537255 3.64 -0.16
4.82683076923 -8.75745989916 67.7019259259 40.3040596078 3.84 -2.32
4.14947692308 -12.1500030924 43.0295925926 41.2709207843 3.48 -0.16
6.83649230769 -12.4856190924 18.1511925926 29.7748517647 -0.76 -1.6
6.59907692308 -12.6311663866 17.7446148148 29.9424031373 -0.68 -1.32
10.8900307692 -12.7047007731 15.2951925926 29.3122164706 -1.96 -0.2
8.28830769231 -10.1794957983 17.9522 31.6673066667 -0.84 3.04
4.06843076923 -12.8273113277 34.1757333333 41.566214902 3.28 0.8
4.65230769231 -9.14842352941 64.7935703704 40.1674007843 3.76 -2.16
11.8244307692 -12.7698194286 15.1529703704 29.1751058824 -2.2 -0.76
3.29827692308 -12.9396426218 22.6226 34.6967529412 1.4 0.24
4.048 -12.2599529412 17.0005333333 37.9280282353 1.76 2.64
6.30449230769 -12.4378772437 18.9629333333 29.975212549 -0.56 -1.6
13.0310769231 -8.13484262185 26.6415037037 30.1852266667 -2.12 3.48
4.57267692308 -11.3807397647 15.692 38.7848282353 1.76 3.48
18.7395692308 -12.5875775462 16.1744 29.848972549 -3.6 -1.88
10.7667692308 -8.68407394958 22.8245037037 30.8816031373 -1.52 3.52
3.44603076923 -12.9627035966 21.3317333333 34.2019137255 1.2 0.28
12.7342769231 -12.5688567395 16.0937481481 29.209772549 -2.4 -0.16
3.34603076923 -9.88164732773 41.5538592593 32.9185066667 1.56 -2.8
8.27692307692 -9.94853109244 18.2133333333 31.827372549 -0.8 3.2
5.07089230769 -9.30494547899 66.3949333333 41.3290666667 4.0 -1.96
6.48449230769 -11.1275304874 15.6567333333 32.6795607843 -0.2 2.72
10.7427692308 -12.6888244706 15.3125037037 29.342732549 -1.92 -0.12
11.4809230769 -11.6668407395 17.1083481481 29.0728596078 -2.04 -3.04
19.4724307692 -5.42819119328 41.4199333333 29.6080470588 -3.4 3.96
5.71163076923 -11.6308237983 19.3845925926 45.5106384314 3.28 3.96
5.71569230769 -12.8254655462 15.5005333333 31.378694902 -0.24 0.64
16.4795076923 -11.0693012437 22.935437037 29.3203796078 -3.12 1.2
3.26043076923 -12.9938301849 23.8256 36.9795764706 2.0 0.84
14.3996923077 -12.5802847731 15.0176814815 29.2517301961 -2.76 -1.96
18.2987692308 -11.1585037983 23.9979481481 29.4179796078 -3.48 0.92
3.41870769231 -12.9812259496 21.1805925926 34.5335717647 1.28 0.44
3.00732307692 -11.9412877983 34.9851481481 35.6802070588 2.12 -1.04
3.9072 -8.75649183193 42.7109925926 31.556614902 1.12 -3.6
14.3292923077 -12.6952266218 15.7703333333 29.2076831373 -2.76 -0.92
11.5331076923 -11.7561158992 17.739637037 29.5617066667 -2.04 1.2
21.3076923077 -10.6766386555 28.0925925926 29.7176470588 -4.0 1.0
8.81556923077 -12.562786958 16.3088814815 29.296972549 -1.4 -1.68
16.6204923077 -12.0460923697 15.0599333333 29.6672282353 -3.16 -3.0
6.6952 -10.0854706555 27.2327333333 29.4490541176 -0.52 -3.6
3.14603076923 -11.3738019496 34.5538592593 33.5879184314 1.56 -1.8
19.5078769231 -11.4547323697 15.107637037 30.4269458824 -3.64 -3.8
4.94670769231 -12.9530826218 16.9521481481 31.6765835294 0.08 0.16
9.33710769231 -11.2781972437 17.2870814815 30.4170635294 -1.36 2.0
11.5836307692 -11.8792104874 16.5939259259 29.0779482353 -2.08 -2.84
4.31427692308 -12.730786958 16.3151037037 33.7397364706 0.68 1.4
17.8070769231 -9.87374789916 27.670837037 29.385932549 -3.32 1.92
7.30227692308 -11.8811466218 15.4727703704 31.2008031373 -0.72 1.8
15.2716923077 -11.9453407731 19.3031333333 29.2610070588 -2.92 0.48
17.8028307692 -12.4717595966 18.0863703704 29.5193066667 -3.44 -0.72
4.58307692308 -12.9006504874 16.5975333333 32.5793537255 0.36 0.76
4.23372307692 -12.9565595966 17.5429333333 32.9045458824 0.56 0.6
4.52923076923 -7.99351932773 69.0481481481 38.9106666667 3.6 -2.8
13.1692307692 -12.2752419496 17.2008 29.2499796078 -2.48 0.32
6.99156923077 -9.91602662185 16.9302148148 33.2216784314 -0.2 3.52
6.87667692308 -10.0173913277 16.7373333333 33.2823341176 -0.16 3.48
3.89612307692 -9.86554191597 56.2438814815 38.5619796078 3.28 -2.0
4.91796923077 -11.4167889748 25.9471037037 30.5083796078 0.12 -2.4
4.94492307692 -12.2958666218 21.8025703704 30.753094902 0.04 -1.56
4.70289230769 -11.3482449748 15.1968592593 36.7022431373 1.2 3.24
6.71150769231 -12.8798047731 16.1838814815 30.1504501961 -0.72 -0.6
4.83643076923 -11.0868426218 15.1217481481 36.889772549 1.2 3.44
4.09230769231 -12.9511529412 31.0133333333 41.7065882353 3.2 1.2
6.71372307692 -12.1766007395 24.2198814815 48.6395607843 4.0 3.72
15.9041230769 -9.09814695798 27.8465481481 29.4933207843 -2.88 2.6
18.8107692308 -7.73629579832 34.685 29.4792941176 -3.4 3.0
13.1606769231 -10.671202958 21.3842592593 29.5570007843 -2.36 1.92
3.36443076923 -9.91329989916 41.111437037 32.8285835294 1.52 -2.8
4.04307692308 -12.5100369748 38.7486814815 41.245612549 3.36 0.24
10.4233230769 -11.564962958 17.4823333333 29.8922070588 -1.72 1.56
3.70929230769 -9.20127354622 57.4352592593 37.2825066667 3.04 -2.48
15.924 -12.6698487395 15.6166148148 29.379532549 -3.08 -1.52
4.64769230769 -11.2303327731 27.5286148148 30.7024501961 0.28 -2.48
9.79532307692 -12.8125563697 15.0053333333 29.3952501961 -1.68 -0.44
4.35692307692 -11.7402621849 26.0081481481 31.1083137255 0.4 -2.0
3.72369230769 -11.3552473277 30.3893925926 31.9012266667 0.88 -2.12
4.84892307692 -9.48914285714 34.5015333333 30.373612549 0.36 -3.56
5.11292307692 -6.94695152941 77.2121703704 39.6155796078 3.88 -3.12
5.22276923077 -12.0628076639 22.3591703704 30.448614902 -0.08 -1.88
3.04049230769 -11.276002958 39.2319703704 35.332012549 2.16 -1.6
4.41323076923 -12.3739831933 19.8263925926 41.6205207843 2.68 2.92
21.8547692308 -5.14207731092 45.5326814815 29.5889537255 -3.84 3.84
4.49243076923 -11.6543607395 16.4829925926 39.851532549 2.08 3.4
10.9155692308 -8.9966612437 22.4883259259 30.6872470588 -1.6 3.32
3.65132307692 -12.8176419496 18.5134814815 36.2186541176 1.52 1.64
7.12892307692 -11.0709243697 23.0034592593 29.4021458824 -0.76 -3.04
3.25932307692 -11.6347493109 41.1863703704 37.5653364706 2.72 -1.04
12.7596307692 -11.4306484706 16.9213333333 29.1674070588 -2.32 -3.36
16.3227692308 -12.5278655462 17.2905703704 29.3479341176 -3.16 -0.64
3.22572307692 -9.67939388235 47.9439703704 34.7626164706 2.24 -2.6
7.53987692308 -12.4628259496 17.5737703704 29.5387764706 -1.0 -1.72
15.4404307692 -7.6838007395 30.6439925926 29.7472658824 -2.68 3.4
4.6776 -12.8542477983 35.8215925926 43.405894902 3.64 1.08
4.20270769231 -12.4277044706 19.4 40.6497129412 2.48 2.76
14.8323692308 -7.99250447059 29.1948148148 29.7954635294 -2.56 3.32
5.02769230769 -12.8962957983 17.9525925926 31.2419607843 0.0 -0.4
4.13169230769 -12.1976739496 16.2805333333 36.8138007843 1.44 2.56
5.88923076923 -12.8962957983 30.9303703704 46.771372549 4.0 2.4
11.3385230769 -12.3252313277 16.3383333333 29.4121066667 -2.04 0.52
5.39076923077 -12.8322678319 15.6742814815 31.6996737255 -0.08 0.72
3.03772307692 -12.5086477983 29.032437037 35.188972549 1.8 -0.52
10.0929230769 -12.7999327731 15.0237925926 29.3549301961 -1.76 -0.44
3.39507692308 -12.9959663866 20.8845333333 35.2276831373 1.44 0.76
10.9419076923 -10.7365878319 19.688 29.0487341176 -1.84 -3.72
6.97729230769 -11.7398523697 20.8518148148 29.5325929412 -0.76 -2.48
18.4348307692 -11.2936266218 15.336 30.1922007843 -3.44 -3.88
3.73827692308 -12.8678523697 31.8626 40.417772549 3.0 0.76
3.57692307692 -10.094789916 52.4583333333 37.5960784314 3.0 -2.0
13.1692307692 -12.3778957983 15.2061333333 29.163014902 -2.48 -2.32
12.5180923077 -11.6582975462 18.5487037037 29.433414902 -2.28 1.16
21.1611692308 -5.30789754622 44.122037037 29.5762384314 -3.72 3.84
4.04283076923 -12.7076453109 21.5293333333 32.0799341176 0.56 -0.72
10.6110769231 -11.8733310924 17.1365333333 29.0622870588 -1.84 -2.76
15.1683076923 -12.5989797647 15.1058 29.3287717647 -2.92 -1.92
3.57230769231 -12.8617535462 20.0461333333 37.5563796078 1.92 1.72
18.7083076923 -11.7324773109 15.0541333333 30.1704658824 -3.52 -3.48
21.1467692308 -12.0319327731 15.2479037037 30.6857066667 -3.96 -3.24
3.08836923077 -10.8425266555 42.1797037037 35.3335341176 2.24 -1.88
14.6795076923 -12.3575195966 15.0439703704 29.3155764706 -2.8 -2.44
3.32787692308 -11.2459977143 44.2461037037 37.5675607843 2.8 -1.32
4.23169230769 -11.7116235294 47.1759037037 41.1384282353 3.56 -0.56
4.92332307692 -12.9213106555 28.3134814815 44.2372737255 3.52 2.16
4.58067692308 -5.54875589916 77.6 37.0268831373 3.36 -3.92
13.2 -11.1818487395 17.1792592593 29.2259607843 -2.4 -3.6
3.284 -12.9841866218 22.2923481481 35.4009537255 1.56 0.56
5.42110769231 -12.7617247731 18.4327333333 30.7059137255 -0.2 -0.88
5.93556923077 -11.6507901849 22.7920814815 29.923494902 -0.36 -2.4
5.17809230769 -12.8606644706 18.0579259259 31.0340737255 -0.08 -0.56
8.37723076923 -8.68920309244 19.7432 32.5933929412 -0.64 3.96
15.3803076923 -11.5201737143 15.7676148148 29.521932549 -2.88 -3.48
16.128 -12.4766386555 17.5196148148 29.3203796078 -3.12 -0.48
11.7020307692 -12.6536190924 15.5749333333 29.248012549 -2.16 -0.2
16.7939076923 -12.2137341849 19.037 29.3533301961 -3.24 -0.08
4.28190769231 -12.1846598992 43.3255925926 41.6850635294 3.56 -0.08
4.41230769231 -12.5319798319 21.7005037037 31.41456 0.32 -1.12
18.6931692308 -10.4431230924 26.72 29.4237835294 -3.52 1.44
3.72369230769 -12.5117649748 37.1093925926 40.1760501961 3.12 0.12
3.47747692308 -11.5864137143 30.4749259259 32.4696031373 1.08 -1.84
11.3409230769 -12.7571764706 15.1916148148 29.2253364706 -2.08 -0.52
7.888 -12.8775798319 15.3248 29.7840658824 -1.12 -0.48
6.79569230769 -12.0762637983 19.8341333333 29.6604737255 -0.72 -2.12
17.5878769231 -12.6254612437 16.6274 29.5707764706 -3.4 -1.32
5.68387692308 -9.3706772437 32.3129703704 29.8204517647 -0.04 -3.8
3.84603076923 -12.9755466218 19.3487703704 33.2284235294 0.8 0.28
16.9508307692 -11.1792849748 15.7593703704 29.8701458824 -3.16 -3.88
4.31876923077 -12.7136795966 22.4453925926 41.909932549 2.88 2.48
3.87876923077 -12.5068278319 17.5147259259 37.3124266667 1.68 2.28
6.04849230769 -12.8424777143 15.4237333333 31.0404235294 -0.4 0.48
5.38947692308 -11.7548461176 15.050037037 33.5444737255 0.28 2.44
6.72769230769 -12.0951007731 15.1591333333 31.4616658824 -0.52 1.68
18.6636923077 -11.4217583866 23.2994592593 29.4687184314 -3.56 0.64
8.42652307692 -11.8894590924 18.7303333333 29.2278870588 -1.24 -2.52
5.0376 -10.7194772437 15.0873703704 36.9917929412 1.16 3.68
4.7136 -10.2129812437 59.5573333333 41.1793537255 3.84 -1.52
13.7868923077 -7.69737788235 28.4822148148 30.0850384314 -2.28 3.6
16.5323076923 -12.6605310924 16.0037037037 29.4403137255 -3.2 -1.4
4.47212307692 -11.5822477983 15.6003259259 37.6850541176 1.52 3.2
5.79083076923 -12.8362659496 17.4447037037 30.552012549 -0.36 -0.72
13.6508923077 -12.444677916 16.8199333333 29.2102431373 -2.6 -0.04
19.6836923077 -9.94175462185 29.2240592593 29.4826384314 -3.68 1.68
5.32012307692 -10.6170395966 28.3053037037 30.1114196078 0.0 -3.04
4.63089230769 -11.3238061176 15.8363259259 39.4828266667 1.92 3.6
5.88923076923 -12.8962957983 30.9303703704 46.771372549 4.0 2.4
11.6555692308 -8.79727166387 23.7088814815 30.4510901961 -1.8 3.32
3.53150769231 -12.1852358992 39.2338592593 39.2187137255 3.0 -0.36
6.44270769231 -10.0822711933 16.2645925926 33.8965835294 0.08 3.56
3.45089230769 -11.8516447731 29.1257703704 32.6181207843 1.08 -1.6
3.45569230769 -12.9655755294 20.1287925926 35.9141301961 1.56 1.16
4.66430769231 -9.05318991597 37.1419481481 30.5300737255 0.52 -3.72
5.02923076923 -12.5912739496 23.4818 44.2731482353 3.32 2.88
6.86203076923 -11.994289479 23.3664 48.9315607843 4.0 3.92
4.02 -12.9830184874 27.2183333333 41.3654901961 3.0 1.6
21.2275692308 -12.338146958 15.8221037037 30.5623058824 -4.0 -2.72
16.5651692308 -11.6461273277 15.3533333333 29.724332549 -3.12 -3.44
19.4267076923 -10.9683318319 25.5259259259 29.513132549 -3.68 0.96
15.0412307692 -12.4335596639 15.0071703704 29.348614902 -2.88 -2.32
20.2886769231 -5.42116947899 42.6002592593 29.5792596078 -3.56 3.88
7.20147692308 -12.3518612437 18.3174814815 29.6018541176 -0.88 -1.84
3.84676923077 -12.9782184874 28.7940148148 40.7976282353 2.96 1.24
5.23310769231 -10.449265479 15.1435259259 36.7317458824 1.04 3.8
3.29630769231 -10.4707162353 47.6832814815 36.6267796078 2.68 -1.92
3.88430769231 -10.0026073277 55.4965037037 38.641414902 3.28 -1.92
3.96 -12.9375596639 31.0222814815 41.246732549 3.12 1.08
3.32443076923 -11.896945479 39.9909333333 38.1064784314 2.8 -0.76
11.5270769231 -12.6301595966 15.1591333333 29.1085207843 -2.12 -1.72
10.0692923077 -12.815266958 15.0401481481 29.269094902 -1.76 -0.92
21.3638769231 -9.4858772437 32.3129703704 29.618412549 -3.96 1.8
3.42332307692 -11.5222437647 43.4393703704 38.246732549 2.92 -1.04
17.7646769231 -10.790981916 24.8219259259 29.3724831373 -3.36 1.28
4.29409230769 -12.9154941849 25.6423333333 42.2061835294 3.08 2.04
9.35643076923 -9.30724947899 20.2021037037 31.4045364706 -1.12 3.4
3.60307692308 -10.9417341849 33.240237037 32.0791341176 1.04 -2.36
5.72676923077 -12.9182644706 16.729837037 30.7837207843 -0.32 -0.32
4.05169230769 -10.6447327731 53.2605333333 39.7170164706 3.44 -1.44
5.15969230769 -11.5757649748 15.0551333333 34.3410384314 0.52 2.72
19.2819692308 -11.5940259496 23.0345481481 29.557932549 -3.68 0.4
15.9212307692 -11.1407058824 16.1109037037 29.6631184314 -2.96 -3.84
7.45883076923 -10.5882476639 16.7765925926 32.0969537255 -0.56 2.92
5.28356923077 -10.7935230924 27.6723259259 30.1539137255 0.0 -2.92
4.61907692308 -11.9333012437 18.0766814815 41.6567184314 2.56 3.36
3.64516923077 -12.991345479 26.9405925926 39.8802070588 2.72 1.24
3.94812307692 -12.4966550588 16.8839333333 36.3231058824 1.4 2.16
11.9052923077 -9.75015152941 22.1993703704 30.0645458824 -1.96 2.72
7.16683076923 -12.8003506555 15.0891481481 30.3617066667 -0.84 0.32
12.1483076923 -12.2529812437 15.6365333333 29.1032596078 -2.24 -2.44
4.09636923077 -12.9249037983 19.4853333333 32.4420517647 0.56 -0.12
5.01052307692 -9.11433788235 67.0358148148 41.0354007843 3.96 -2.08
4.00707692308 -12.8202621849 34.0535333333 41.3594007843 3.24 0.76
4.51070769231 -11.8396358992 47.4775925926 42.015814902 3.72 -0.36
13.2491076923 -10.9164030924 20.8717333333 29.4950901961 -2.4 1.72
11.8123076923 -12.3290713277 16.5060148148 29.3474007843 -2.16 0.44
12.7376 -10.4743513277 21.4733333333 29.6719184314 -2.24 2.12
3.33230769231 -12.9948369748 21.6053925926 35.3874070588 1.52 0.68
4.73796923077 -12.589489479 22.5917333333 43.300614902 3.12 2.8
4.57476923077 -11.5142184874 16.2871703704 39.983532549 2.08 3.52
5.25323076923 -12.6296997647 24.5126148148 44.9904501961 3.48 2.88
4.63852307692 -9.30025519328 63.972 40.2528596078 3.76 -2.08
5.1504 -12.3887558992 22.1152592593 44.4565207843 3.28 3.16
3.17963076923 -11.4679351933 33.546037037 33.4224501961 1.48 -1.76
3.78769230769 -12.6529478992 18.9437037037 38.3011764706 2.0 2.2
5.53483076923 -10.0999464874 15.378037037 36.2372831373 0.84 3.92
6.39772307692 -12.5249113277 18.4591037037 29.972972549 -0.6 -1.48
9.77563076923 -12.8293878319 15.029037037 29.3320031373 -1.68 -0.76
3.40892307692 -12.8415596639 30.494837037 38.9720501961 2.68 0.52
4.98036923077 -12.9411802353 17.426037037 31.4544596078 0.04 -0.12
8.03076923077 -10.5848739496 17.2503703704 31.6014901961 -0.8 2.8
7.82387692308 -12.1309273277 15.4213037037 30.6633537255 -0.96 1.4
3.13956923077 -10.7327607395 44.0077333333 35.8019137255 2.4 -1.88
3.03667692308 -12.4063230924 29.5894814815 34.94784 1.76 -0.68
5.79267692308 -12.5690551933 19.0064814815 30.3084831373 -0.36 -1.32
3.06147692308 -10.9788998992 40.5513703704 35.0251482353 2.12 -1.84
4.60830769231 -11.5678655462 15.2736814815 36.3954635294 1.16 3.04
6.45876923077 -11.0981609412 23.9979481481 29.6162541176 -0.52 -2.92
4.57569230769 -12.7808941176 16.1279037037 33.0144282353 0.44 1.16
20.0558769231 -12.508642958 18.3764148148 29.9447184314 -3.84 -1.2
11.1648 -8.27271636975 24.0016592593 30.8503058824 -1.6 3.68
6.32049230769 -10.0813111933 16.1453037037 34.1216596078 0.16 3.6
10.0979076923 -11.6982335462 17.0482592593 29.9365301961 -1.64 1.48
3.96 -12.9375596639 31.0222814815 41.246732549 3.12 1.08
13.9716923077 -11.9532369748 18.5725333333 29.2663184314 -2.64 0.64
3.04836923077 -11.1713355294 39.8108148148 35.2668831373 2.16 -1.68
7.87723076923 -12.7451901849 15.0077259259 30.0876737255 -1.08 0.32
4.69347692308 -11.2685778824 15.2322592593 37.1924266667 1.32 3.36
3.80123076923 -10.2704118319 35.5725333333 31.6596831373 0.96 -2.84
20.9372307692 -10.2894117647 29.185837037 29.629414902 -3.92 1.32
12.1572923077 -12.2681750588 16.8023703704 29.3265537255 -2.24 0.48
4.52449230769 -12.8429407731 16.3849703704 32.9071341176 0.44 1.0
3.49747692308 -10.165312 38.252 32.3349835294 1.28 -2.76
14.416 -9.33565418487 25.6885333333 29.6234635294 -2.56 2.64
19.128 -7.33513519328 36.1326814815 29.4964831373 -3.44 3.16
6.51803076923 -9.51070494118 29.6825481481 29.4759529412 -0.4 -3.88
10.5678769231 -7.84575354622 23.8648592593 31.3488282353 -1.36 4.0
8.98689230769 -12.4967195966 15.3138592593 29.8810666667 -1.4 0.64
6.72276923077 -9.56206897479 16.8745703704 34.0121537255 0.04 3.84
3.53987692308 -12.827141916 22.3367333333 33.3066196078 1.0 -0.28
4.96283076923 -12.901489479 35.4094814815 44.2328596078 3.76 1.32
9.82043076923 -12.7675412437 15.0597333333 29.4466384314 -1.68 -0.2
12.0144 -8.98832295798 23.7773333333 30.261132549 -1.92 3.16
17.0356923077 -12.0543209412 19.8341333333 29.3618070588 -3.28 0.12
7.13483076923 -10.7370315294 16.3851481481 32.3007184314 -0.44 2.88
3.07956923077 -10.8694518319 41.7319925926 35.2190901961 2.2 -1.88
5.90830769231 -11.3000739496 24.2381333333 29.875814902 -0.32 -2.68
4.23027692308 -12.7168338824 22.1373037037 41.5398901961 2.8 2.44
3.072 -11.2823663866 40.3676148148 35.8675796078 2.32 -1.52
5.14 -12.9459092437 33.9842592593 44.7712941176 3.8 1.6
19.8555692308 -12.5776951933 17.0866592593 30.0122666667 -3.8 -1.68
7.51950769231 -12.3261106555 15.1784 30.6819482353 -0.88 1.2
6.04849230769 -12.8424777143 15.4237333333 31.0404235294 -0.4 0.48
5.88867692308 -10.4336150588 15.6082592593 34.5313537255 0.36 3.48
13.7771076923 -12.7152849748 15.1589333333 29.1823184314 -2.64 -1.4
6.20923076923 -12.3516998992 24.4037925926 47.4464596078 3.84 3.44
5.24769230769 -12.7327101849 18.8738 30.8045207843 -0.12 -0.92
3.21212307692 -12.6251304874 32.1631037037 37.8917207843 2.52 0.0
17.0387692308 -9.08391152941 29.0965037037 29.431814902 -3.12 2.48
14.1630769231 -7.01130379832 30.3662814815 30.1469364706 -2.32 3.88
11.9966769231 -12.754181916 15.2428148148 29.1778007843 -2.24 -0.68
18.3774769231 -11.7256621176 21.932 29.4657129412 -3.52 0.36
7.86732307692 -12.8148877983 15.8453333333 29.6451482353 -1.12 -0.96
15.1308923077 -12.6722430924 15.3079925926 29.30016 -2.92 -1.6
19.8795692308 -11.9808575462 21.6742148148 29.7094431373 -3.8 -0.12
4.60812307692 -11.0483183866 28.4723259259 30.7093835294 0.32 -2.6
7.27889230769 -10.9308143866 23.2589333333 29.3507137255 -0.8 -3.16
9.57507692308 -12.3594621849 15.6695333333 29.7799184314 -1.56 0.76
3.18996923077 -12.8705677983 27.9074 37.474214902 2.28 0.4
4.06972307692 -9.62189552941 58.6914 38.9110901961 3.4 -2.08
6.03636923077 -12.9252264874 16.0829259259 30.701894902 -0.44 -0.12
17.8366769231 -12.2540461176 19.32 29.4722007843 -3.44 -0.28
5.33083076923 -12.957346958 32.6117037037 45.3193537255 3.84 1.88
19.5966769231 -12.3448701849 19.541037037 29.7655341176 -3.76 -0.68
3.84689230769 -12.0100689748 26.359437037 31.8852737255 0.72 -1.6
3.72996923077 -11.8182819496 43.5444148148 39.6631058824 3.2 -0.64
17.1580307692 -10.0438518319 26.5677333333 29.370854902 -3.2 1.88
7.77876923077 -12.504625479 17.2166148148 29.4900266667 -1.08 -1.68
8.23107692308 -11.6081516639 19.8105703704 29.2257537255 -1.16 -2.76
3.98363076923 -12.6855007731 20.6912592593 40.2026541176 2.48 2.36
6.02510769231 -11.9743343866 15.078637037 32.3020517647 -0.16 2.0
5.24769230769 -12.7327101849 18.8738 30.8045207843 -0.12 -0.92
4.21827692308 -12.7844049748 35.5885259259 42.0083607843 3.4 0.76
18.9275076923 -11.1869859496 15.3403259259 30.3325835294 -3.52 -4.0
15.4236923077 -10.1006386555 24.8025703704 29.4124831373 -2.84 2.04
11.2987692308 -11.5512212437 18.0455333333 29.6730164706 -1.96 1.44
10.6804923077 -12.0483511933 16.6741925926 29.6373458824 -1.84 1.0
20.4387692308 -12.0094155294 15.1411259259 30.5135184314 -3.84 -3.24
3.40307692308 -8.66135018487 49.7165037037 33.444614902 1.92 -3.28
3.30307692308 -9.28133109244 50.8322 34.9709458824 2.36 -2.76
5.03403076923 -12.6372716639 15.4807333333 32.6032470588 0.2 1.32
17.88 -12.0370957983 20.3477925926 29.445094902 -3.44 0.04
3.87476923077 -8.31190695798 45.3655333333 31.6957301961 1.24 -3.76
16.5201230769 -12.6266826218 16.598637037 29.401772549 -3.2 -1.04
16.4931692308 -11.0192118319 23.1013333333 29.3224031373 -3.12 1.24
5.81723076923 -12.901637916 15.7747259259 31.0667796078 -0.32 0.28
4.58892307692 -12.581794958 40.1409481481 42.8929129412 3.68 0.52
11.0772307692 -9.68945371429 21.4658 30.3627482353 -1.72 2.88
10.3736 -10.9299237647 18.6103333333 30.157894902 -1.64 2.12
3.91876923077 -9.14358319328 40.612237037 31.4933929412 1.04 -3.44
11.7147692308 -12.1438655462 16.9303925926 29.4156737255 -2.12 0.72
14.0227076923 -10.0561704874 23.6038148148 29.552332549 -2.52 2.24
3.49747692308 -8.95321438655 55.628 36.0213835294 2.72 -2.76
4.86596923077 -5.66915119328 79.8613037037 37.977772549 3.6 -3.76
11.2249230769 -9.25821848739 22.3911333333 30.4593129412 -1.72 3.12
4.30652307692 -12.9602430924 18.3967037037 32.3194164706 0.44 0.08
5.09212307692 -12.7717684706 25.8031037037 44.625132549 3.48 2.6
11.6649230769 -11.3645859496 18.6825703704 29.6519184314 -2.04 1.56
3.45630769231 -12.9423661176 21.5563481481 34.0101458824 1.16 0.16
9.57649230769 -12.3319755294 16.5647703704 29.1512470588 -1.6 -2.12
3.80916923077 -9.4858772437 39.578037037 31.6707796078 1.08 -3.24
4.53876923077 -12.0754957983 45.5126148148 42.2970384314 3.72 -0.12
3.46523076923 -12.9903193277 20.2055703704 35.0703184314 1.36 0.84
5.06547692308 -12.8411337143 26.873037037 44.5973207843 3.52 2.44
3.2632 -11.1577938824 34.5799333333 33.0471058824 1.4 -2.04
16.0809230769 -11.8248567395 20.1801703704 29.290732549 -3.08 0.52
9.79827692308 -10.4299493109 21.5936592593 29.0300737255 -1.52 -3.8
5.712 -11.4577478992 15.1611259259 33.4101301961 0.16 2.64
5.39569230769 -12.9429243697 34.6088 45.42416 3.92 1.68
6.81323076923 -11.907077916 15.2903925926 31.5701364706 -0.52 1.88
3.84516923077 -12.704837916 17.3428148148 35.6159717647 1.28 1.76
19.8862769231 -7.593088 36.3697481481 29.4902431373 -3.6 2.96
3.49772307692 -12.9891318319 20.4837333333 34.3854431373 1.2 0.52
18.4278769231 -9.10243065546 30.5133259259 29.4208941176 -3.4 2.32
12.5881230769 -10.4465790924 21.4039333333 29.7075764706 -2.2 2.16
15.3363692308 -12.6570476639 15.2917037037 29.3276831373 -2.96 -1.68
5.37932307692 -12.3882847731 15.1268148148 32.55936 0.08 1.64
8.32916923077 -11.7245375462 16.0775925926 30.6636737255 -1.08 1.76
3.85507692308 -12.614597916 19.1135037037 38.84256 2.12 2.32
3.96092307692 -11.511394958 28.5286148148 31.5493835294 0.68 -2.08
3.84 -7.03513277311 65.0481481481 35.5638431373 2.8 -3.6
4.73267692308 -11.8593844706 48.2917037037 42.6104596078 3.84 -0.28
8.41027692308 -10.952305479 17.1023037037 31.0951058824 -1.0 2.44
6.32092307692 -9.90315294118 28.6834592593 29.5660831373 -0.36 -3.64
4.27107692308 -12.923746958 19.0710148148 32.1742870588 0.44 -0.16
16.3075076923 -9.62801371429 26.899637037 29.4142431373 -3.0 2.24
15.1036923077 -12.6860235294 15.8711333333 29.2665129412 -2.92 -1.08
19.2830769231 -9.81893109244 29.237037037 29.4506666667 -3.6 1.8
8.82036923077 -11.0551916639 17.2607037037 30.7911184314 -1.16 2.28
8.94849230769 -12.5845684706 15.1968814815 29.8306196078 -1.4 0.48
15.2067076923 -12.5116407395 15.0263333333 29.3541835294 -2.92 -2.16
4.9264 -9.22812611765 65.9973333333 40.9207717647 3.92 -2.04
17.4116307692 -12.1929158992 15.0198148148 29.783532549 -3.32 -2.84
4.75630769231 -11.0793546218 15.2264592593 37.7773301961 1.44 3.56
17.9852307692 -11.307697479 15.4011259259 30.0832596078 -3.36 -3.84
9.97809230769 -11.931461916 17.3894814815 29.0820737255 -1.68 -2.64
4.58270769231 -12.9624567395 17.6002592593 32.0504031373 0.28 0.16
6.15156923077 -12.6655908571 27.3440814815 47.412294902 3.96 3.0
20.5147692308 -12.3302184874 15.6059481481 30.3979482353 -3.88 -2.72
6.43556923077 -10.4059089748 16.0705481481 33.530854902 0.0 3.32
3.20123076923 -10.7978487395 44.928237037 36.3921537255 2.56 -1.76
6.41907692308 -12.8451092437 15.320237037 30.7476831373 -0.56 0.36
16.9059692308 -11.8579323697 15.1368592593 29.7563607843 -3.2 -3.24
3.50030769231 -9.76153277311 40.548237037 32.383494902 1.36 -2.96
3.44123076923 -8.57304309244 49.3909037037 33.200812549 1.84 -3.36
14.5371692308 -10.6510155294 22.5824814815 29.40576 -2.68 1.76
10.3164923077 -12.3761516639 16.0727333333 29.1070901961 -1.8 -2.12
18.5908307692 -5.74769048739 39.3895925926 29.6356831373 -3.24 3.92
4.62412307692 -11.9008951933 15.2784 35.1996737255 0.88 2.6
3.59483076923 -10.9975351933 32.9912592593 32.1021458824 1.04 -2.32
3.2184 -12.6486819496 31.9223333333 37.930732549 2.52 0.04
3.62369230769 -12.8568470588 18.6791333333 35.9924266667 1.48 1.52
3.26707692308 -9.79101848739 43.5085333333 33.4110870588 1.76 -2.76
4.90203076923 -11.5028259496 15.0856592593 35.2472470588 0.8 2.92
16.3132923077 -12.6416473277 16.421 29.3826164706 -3.16 -1.08
4.47932307692 -11.0205913277 53.381 41.237414902 3.72 -1.04
14.4028307692 -10.9400884706 17.029037037 29.409894902 -2.64 -3.88
13.8891692308 -10.7711607395 17.5967037037 29.3408031373 -2.52 -3.96
4.23323076923 -9.63435294118 36.4208 31.0050384314 0.72 -3.32
3.99950769231 -12.8592575462 17.2643259259 34.084614902 0.88 1.2
3.1984 -11.0844918319 35.7413333333 33.3266070588 1.52 -2.04
15.636 -7.04763697479 32.3090592593 29.8213835294 -2.68 3.68
7.64683076923 -9.04291388235 18.4242592593 33.150412549 -0.36 3.92
3.11009230769 -11.0688607731 37.197 33.8708737255 1.72 -1.96
4.96769230769 -6.14475294118 79.1197259259 38.6290384314 3.72 -3.52
4.24492307692 -11.6126386555 26.9893925926 31.2016031373 0.48 -2.08
14.7443076923 -12.6688951933 15.1936814815 29.2652831373 -2.84 -1.64
3.13009230769 -12.566242958 27.0641481481 34.3939482353 1.52 -0.56
6.19292307692 -12.8908278319 16.550837037 30.4237835294 -0.52 -0.52
4.70067692308 -11.8083673277 17.785037037 41.7986007843 2.56 3.48
3.5128 -12.9644783866 19.6247333333 35.3816 1.4 1.08
3.38916923077 -12.9814066555 21.7293333333 37.0978384314 1.92 1.24
13.8755692308 -12.2872701849 17.4581925926 29.227494902 -2.64 0.2
10.7073230769 -12.6753489748 15.2463703704 29.1394384314 -1.92 -1.56
4.77230769231 -12.7729882353 24.7947259259 43.640332549 3.28 2.52
9.79329230769 -12.0619412437 17.1655925926 29.1026007843 -1.64 -2.48
4.94363076923 -11.0938175462 16.1703703704 41.4056031373 2.32 3.96
15.9996923077 -12.5366184874 15.1250592593 29.4522384314 -3.08 -2.12
8.97636923077 -12.4551459496 16.556 29.243494902 -1.44 -1.88
3.50603076923 -11.8374141849 41.8893259259 38.848972549 3.0 -0.72
3.76043076923 -8.52200497479 60.3506 36.8262431373 3.0 -2.84
4.30209230769 -10.8713798992 30.3291481481 30.9989207843 0.52 -2.64
3.65132307692 -7.29772262185 60.6823703704 34.6261835294 2.48 -3.64
5.33089230769 -12.1111464874 15.0599333333 33.0809882353 0.2 2.04
11.016 -11.5767798319 17.5928 29.0571796078 -1.92 -3.08
17.0387692308 -9.08391152941 29.0965037037 29.431814902 -3.12 2.48
15.3068307692 -12.6910590924 15.6899259259 29.2956831373 -2.96 -1.28
3.61027692308 -7.57518359664 53.8048814815 33.0090070588 1.88 -3.8
4.31556923077 -12.8876541849 19.3727703704 32.0016784314 0.4 -0.32
12.9516307692 -10.8131506555 20.881037037 29.5589364706 -2.32 1.84
3.00683076923 -11.7266221176 35.789 35.2498007843 2.04 -1.28
6.79027692308 -11.3548278319 15.6661925926 32.1080470588 -0.4 2.44
5.98516923077 -10.495906958 27.197 29.7465129412 -0.28 -3.24
17.3115076923 -10.9547466218 23.9357333333 29.3503717647 -3.28 1.2
4.34196923077 -12.463301916 20.2128814815 41.4800501961 2.68 2.8
11.0651076923 -10.9476990924 19.1075259259 29.9302870588 -1.84 2.0
5.91932307692 -10.7929341849 26.1958148148 29.8055717647 -0.28 -3.04
12.0169230769 -12.1229310924 15.9175925926 29.0971764706 -2.2 -2.6
4.95230769231 -10.8935889748 15.0887925926 36.8781458824 1.16 3.56
19.7907692308 -7.93866218487 35.3 29.4800784314 -3.6 2.8
9.65827692308 -10.4050377143 21.816437037 29.0323482353 -1.48 -3.8
14.8092923077 -12.2550141849 17.9744814815 29.236294902 -2.84 0.12
3.91563076923 -11.8672306555 26.8624814815 31.7210541176 0.68 -1.76
8.32689230769 -9.31012947899 18.999437037 32.2109207843 -0.72 3.6
20.9420307692 -8.49619791597 34.9897481481 29.5381301961 -3.84 2.4
15.2603692308 -9.43273519328 26.338037037 29.5076831373 -2.76 2.48
3.04923076923 -11.1104941176 38.9733333333 34.7247058824 2.0 -1.8
18.7172307692 -12.2307092437 15.1279037037 30.0378007843 -3.56 -2.84
4.69587692308 -12.5212278319 21.1230814815 31.1061301961 0.16 -1.2
9.09963076923 -12.8138713277 15.0023333333 29.5642541176 -1.48 -0.24
4.80430769231 -11.7608739496 17.880237037 42.219494902 2.64 3.56
3.7704 -9.0095607395 58.7691481481 37.3410070588 3.08 -2.56
17.8404307692 -12.2063397647 15.0409703704 29.8640470588 -3.4 -2.84
5.03710769231 -12.2182711933 15.1609703704 33.4152596078 0.36 2.0
3.85692307692 -12.9841882353 26.2375333333 40.6902870588 2.84 1.56
3.96276923077 -12.5772773109 16.8079037037 35.672812549 1.24 1.96
6.53950769231 -11.7139807731 21.5645259259 29.6770666667 -0.6 -2.44
4.44030769231 -6.12349579832 74.6391333333 37.0752658824 3.32 -3.72
8.42769230769 -11.3484773109 20.4103703704 29.1720784314 -1.2 -3.0
5.70510769231 -10.4784123697 27.9053037037 29.8794635294 -0.16 -3.2
13.6243692308 -12.1203318319 15.437037037 29.2198870588 -2.56 -2.72
10.6833230769 -12.802432 15.0032592593 29.2093207843 -1.92 -0.96
3.32307692308 -12.1862184874 27.9281481481 33.1450196078 1.2 -1.2
4.38350769231 -12.3638523697 41.9389333333 42.1283607843 3.6 0.16
7.91692307692 -10.320389916 24.3215703704 29.1810007843 -0.96 -3.64
3.63390769231 -12.8086711933 18.7851481481 36.65904 1.64 1.72
12.0072 -11.0474713277 18.1559925926 29.110732549 -2.12 -3.6
14.284 -11.5011092437 20.0871333333 29.31056 -2.68 1.08
11.6132307692 -12.3368739496 15.654837037 29.0874384314 -2.12 -2.28
6.57507692308 -10.589794958 25.6486148148 29.5243482353 -0.52 -3.28
15.7412307692 -10.2818866555 24.6086148148 29.3779482353 -2.92 1.88
9.76467692308 -10.7998235966 18.3573333333 30.4540831373 -1.44 2.32
13.8356307692 -10.9331619496 17.3211481481 29.3234384314 -2.52 -3.84
3.92787692308 -12.4515398992 17.1661037037 37.0934431373 1.6 2.32
6.04769230769 -10.853794958 15.5472814815 33.6352031373 0.12 3.08
8.4528 -12.2802807395 15.4478814815 30.2376784314 -1.2 1.08
11.7536 -8.10072309244 25.0613333333 30.649094902 -1.76 3.68
3.72443076923 -11.6877138824 44.4879703704 39.5367529412 3.2 -0.76
9.52910769231 -9.45295166387 20.1917333333 31.2186196078 -1.2 3.28
13.9260923077 -10.3684447731 22.7655925926 29.510214902 -2.52 2.04
14.1123076923 -8.69706218487 26.7883481481 29.7934870588 -2.44 3.04
10.8616 -12.7720701849 15.1143333333 29.2664282353 -1.96 -0.48
3.14683076923 -12.9112621176 25.092 36.0149301961 1.84 0.32
3.20652307692 -9.82097048739 47.276 34.8245458824 2.24 -2.52
4.89563076923 -10.9409790924 15.7014814815 40.4747796078 2.08 3.96
3.36356923077 -12.9952951933 21.1597333333 35.8235607843 1.6 0.92
5.2872 -12.4326141849 15.1767333333 32.616614902 0.12 1.6
4.05089230769 -12.9387794286 19.4214148148 32.5758901961 0.6 -0.04
8.81556923077 -12.562786958 16.3088814815 29.296972549 -1.4 -1.68
7.87692307692 -11.4872739496 16.1222814815 31.0960658824 -0.88 2.08
17.8932923077 -12.5436466555 15.5445925926 29.7449537255 -3.44 -2.12
5.01643076923 -12.6780837647 40.2567333333 44.1074384314 3.88 0.8
17.7371076923 -10.8962301849 24.4581925926 29.3717301961 -3.36 1.2
14.5644307692 -12.6429138824 15.0968592593 29.2555764706 -2.8 -1.76
4.77009230769 -7.08250191597 74.3077037037 38.8405835294 3.68 -3.16
7.76529230769 -10.278208 17.3548148148 32.0446870588 -0.64 3.08
3.00369230769 -11.9196369748 34.8609481481 35.5296501961 2.08 -1.08
3.40203076923 -12.8330664874 22.9680814815 33.7462870588 1.16 -0.2
4.97550769231 -11.3560621176 15.0697481481 35.3487529412 0.8 3.04
11.1332923077 -9.92680766387 21.0933333333 30.2583184314 -1.76 2.72
3.66769230769 -12.8006184874 18.4061333333 36.2544658824 1.52 1.68
5.25163076923 -12.7986807395 18.4278148148 30.877932549 -0.12 -0.76
3.63636923077 -12.9679634286 19.0331481481 34.5922164706 1.16 0.92
4.84756923077 -10.9547304874 28.1693259259 30.4881882353 0.2 -2.72
3.436 -12.9128739496 22.0114592593 33.9213458824 1.16 0.04
3.63643076923 -8.72125418487 58.2398814815 36.4808501961 2.88 -2.8
17.4299076923 -12.1606550588 19.5733333333 29.4108831373 -3.36 -0.08
11.7297230769 -12.5079007731 15.3149333333 29.0976596078 -2.16 -2.0
6.096 -12.0947619496 22.409837037 47.0083482353 3.68 3.68
9.19827692308 -12.7674847731 15.4403259259 29.3267796078 -1.52 -1.2
20.5324923077 -6.0350967395 41.3639333333 29.5476517647 -3.64 3.6
5.79643076923 -12.2738866555 22.890637037 46.2958901961 3.6 3.44
4.34529230769 -11.2330578824 51.2571481481 41.0529537255 3.64 -0.92
16.0539692308 -12.4150598992 15.0279925926 29.493414902 -3.08 -2.4
4.27716923077 -12.7215209412 16.3477037037 33.8666384314 0.72 1.44
5.35316923077 -12.9525501849 33.7223333333 45.3452737255 3.88 1.76
11.82 -12.777989916 15.0464814815 29.1536470588 -2.2 -1.0
9.89667692308 -12.2392137143 15.9833703704 29.7508831373 -1.64 0.88
21.2841230769 -8.04553519328 36.720437037 29.5530070588 -3.88 2.6
19.2860307692 -6.7790967395 37.7799703704 29.5241537255 -3.44 3.4
13.1060923077 -12.4870598992 16.488 29.2139796078 -2.48 -0.04
12.6092307692 -10.872389916 20.4713481481 29.6017537255 -2.24 1.84
15.3414769231 -11.6882301849 20.1958148148 29.2751717647 -2.92 0.76
5.95809230769 -12.5766706555 15.0953703704 31.5893364706 -0.28 1.16
5.41723076923 -12.8901630924 29.1525333333 45.5860831373 3.76 2.36
13.876 -9.44941176471 24.8615333333 29.6871341176 -2.44 2.64
3.56990769231 -8.59165418487 46.9273703704 32.4969066667 1.56 -3.48
12.5876307692 -11.4416037647 19.1223333333 29.4736501961 -2.28 1.36
3.51489230769 -11.9997138824 40.6919333333 39.0123607843 3.0 -0.56
7.40763076923 -11.3866578824 21.5197037037 29.3653835294 -0.88 -2.84
3.61932307692 -12.9697253109 23.7893333333 39.3367717647 2.48 1.56
20.9252307692 -9.42363697479 32.0841703704 29.5699482353 -3.88 1.88
5.78923076923 -11.7095663866 15.1095333333 32.948294902 0.04 2.36
3.41132307692 -12.1665844706 38.54 38.7048031373 2.88 -0.44
6.53409230769 -12.4937266555 15.0189259259 31.1906541176 -0.52 1.16
3.98307692308 -11.0175193277 50.6064814815 39.8200784314 3.4 -1.2
19.3740923077 -12.2995049412 19.733 29.7108266667 -3.72 -0.56
14.6622769231 -12.4026637983 15.0244148148 29.3071058824 -2.8 -2.36
3.60492307692 -9.53964531092 40.8608 32.1253364706 1.28 -3.12
3.00830769231 -11.9728338824 33.2343925926 34.9291482353 1.88 -1.12
13.2275076923 -12.7217516639 15.0727333333 29.1540737255 -2.52 -1.4
5.26492307692 -12.4046386555 20.6512814815 30.5594384314 -0.12 -1.48
3.40707692308 -8.90264094118 54.014837037 35.330214902 2.52 -2.88
3.38830769231 -11.7278386555 41.7591703704 38.2653207843 2.88 -0.88
5.84676923077 -10.6481064874 15.5009481481 34.3031717647 0.32 3.32
4.01230769231 -12.538594958 16.6214814815 35.5920784314 1.2 2.0
3.50030769231 -12.9789106555 19.8157925926 35.1690007843 1.36 0.96
8.88307692308 -11.6923412437 18.9125333333 29.1458635294 -1.36 -2.76
9.44116923077 -12.0175666555 16.1753703704 30.0047717647 -1.48 1.24
3.09390769231 -11.0982335462 37.328 34.0010635294 1.76 -1.92
4.35132307692 -12.8808809412 25.0823333333 42.34976 3.08 2.16
5.45907692308 -12.867697479 28.7193481481 45.692812549 3.76 2.44
3.90676923077 -12.8576795966 20.7259481481 32.5681129412 0.68 -0.32
18.0467076923 -12.2845595966 19.2562592593 29.5053207843 -3.48 -0.36
21.0809230769 -12.164194958 15.405237037 30.6148831373 -3.96 -3.04
16.2566769231 -7.31876194958 32.522037037 29.6869301961 -2.84 3.48
3.70283076923 -12.8759195966 21.7789259259 39.2397458824 2.36 1.88
4.33889230769 -12.8171901849 16.5209703704 33.377772549 0.6 1.16
4.87876923077 -12.9095195966 18.0493925926 31.4179482353 0.08 -0.32
3.26123076923 -9.41169747899 47.4855333333 34.0513537255 2.04 -2.84
3.38769230769 -9.49172436975 43.5414814815 32.881254902 1.6 -3.0
3.17372307692 -12.6479962353 31.4560814815 37.6225066667 2.44 0.0
13.7222769231 -12.3735572437 15.1271925926 29.2102431373 -2.6 -2.36
3.15932307692 -12.3151634286 34.925 37.4688031373 2.52 -0.44
19.0772923077 -7.51431152941 35.5973333333 29.488012549 -3.44 3.08
4.76929230769 -12.9689750588 31.325 43.8053458824 3.56 1.68
4.65156923077 -12.7767459496 24.4407703704 43.2456 3.2 2.48
3.72707692308 -12.2876235294 39.4962 40.0249537255 3.16 -0.16
17.8412307692 -12.615394958 15.9971259259 29.6759184314 -3.44 -1.76
5.93052307692 -12.0097704874 21.5783333333 46.4909458824 3.56 3.72
3.86227692308 -12.9412447731 24.2957333333 40.4955482353 2.72 1.8
5.52110769231 -12.8615276639 17.5773037037 30.7732831373 -0.24 -0.6
3.75323076923 -12.7039327731 17.8951703704 36.4349364706 1.52 1.88
20.0772923077 -11.7632763697 15.0285925926 30.4972517647 -3.76 -3.52
8.02836923077 -12.8694061176 15.1691481481 29.7970007843 -1.16 -0.32
6.77692307692 -10.4376470588 16.3383333333 33.0003137255 -0.2 3.2
19.5187076923 -11.5299318319 23.450037037 29.5802384314 -3.72 0.44
11.2259076923 -12.5326026218 15.3984814815 29.099212549 -2.04 -1.92
14.4523076923 -7.10301848739 30.5814814815 30.0530196078 -2.4 3.8
12.492 -11.715077916 16.4978 29.1341207843 -2.28 -3.08
14.5892307692 -11.7020541849 19.6905703704 29.2780831373 -2.76 0.84
8.65969230769 -12.6718655462 16.0232 29.3648282353 -1.36 -1.44
4.92307692308 -11.0910117647 15.0845333333 36.3253929412 1.04 3.36
8.2696 -12.8680830924 15.1943333333 29.6814870588 -1.24 -0.48
3.83409230769 -12.754757916 21.8173333333 32.501932549 0.72 -0.56
4.43409230769 -11.6236407395 15.8308148148 38.261132549 1.68 3.24
4.72430769231 -12.4809546218 15.5021333333 33.495014902 0.48 1.72
17.7105230769 -11.9985489748 15.0245925926 29.8901301961 -3.36 -3.12
14.0409230769 -12.3463529412 17.3197259259 29.2199717647 -2.68 0.08
15.1929230769 -12.2470873277 18.1739481481 29.2487717647 -2.92 0.08
5.44523076923 -11.5757714286 18.6459481481 44.5528658824 3.08 3.92
3.27649230769 -12.9083304874 23.1127333333 34.6023058824 1.4 0.12
18.4755692308 -8.20513236975 33.0389333333 29.4583184314 -3.36 2.8
5.19692307692 -12.475249479 15.2371259259 32.6744596078 0.16 1.56
3.22190769231 -12.8340426218 24.224 34.5527184314 1.44 -0.08
4.72910769231 -12.3027995966 15.3599703704 33.8911341176 0.56 2.0
4.60443076923 -11.3390289748 15.4158814815 37.8834070588 1.52 3.4
8.28867692308 -12.8560548571 15.0882592593 29.7391341176 -1.24 -0.28
4.05876923077 -7.47934494118 66.8283481481 36.984812549 3.16 -3.24
5.09107692308 -10.5033158992 15.0956148148 37.5688658824 1.28 3.88
4.34449230769 -12.8661743866 16.7044148148 33.1746635294 0.56 1.0
18.5955692308 -7.78198211765 34.3048592593 29.4797301961 -3.36 3.0
3.32092307692 -10.2149915966 49.0338 36.4852266667 2.68 -2.08
9.37292307692 -11.9879437983 17.6569481481 29.1264501961 -1.52 -2.52
6.71372307692 -9.74094359664 16.7532148148 33.8254431373 0.0 3.72
3.64492307692 -12.7433266555 22.5861333333 32.8725207843 0.88 -0.52
4.89083076923 -10.7844635966 15.309037037 39.2501929412 1.76 3.92
3.42683076923 -8.65528847059 49.0485925926 33.2271184314 1.84 -3.32
4.13169230769 -12.9590007395 17.728237037 33.1097066667 0.64 0.64
5.58203076923 -10.0677066218 15.4256592593 36.1190117647 0.8 3.92
20.7092307692 -8.53878319328 34.6064814815 29.5226666667 -3.8 2.4
13.6569230769 -12.4231529412 16.8998148148 29.2130196078 -2.6 0.0
3.36443076923 -9.91329989916 41.111437037 32.8285835294 1.52 -2.8
3.96916923077 -7.56684531092 65.5943333333 36.7274070588 3.08 -3.24
3.61809230769 -12.9861630924 27.3459259259 39.7938070588 2.72 1.16
13.6628307692 -9.0863607395 25.434037037 29.8009537255 -2.36 2.88
16.4931692308 -11.8352795966 15.2032592593 29.6808031373 -3.12 -3.24
4.308 -12.5935327731 21.1714592593 41.6132831373 2.76 2.64
3.4128 -8.61240309244 54.2264 34.8334431373 2.4 -3.08
6.22603076923 -12.7153737143 15.1479333333 31.1359184314 -0.44 0.8
3.96492307692 -12.9852918319 27.1205333333 41.1605458824 2.96 1.56
3.56492307692 -10.6572773109 35.0173925926 32.1474384314 1.12 -2.52
19.1865230769 -9.37952376471 30.4855925926 29.441612549 -3.56 2.08
4.93963076923 -12.0130409412 19.3303333333 43.2432501961 2.92 3.44
