230.625 2.65625 [85, 95]
99.945 95.98625 [47, 77]

230.625 2.65625 [85, 95]
27.9225 93.730625 [57, 60]

230.625 2.65625 [85, 95]
27.9225 93.730625 [57, 60]
212.3325 9.333125 [78, 97]
45.2025 66.550625 [55, 76]

230.625 2.65625 [85, 95]
27.9225 93.730625 [57, 60]
212.3325 9.333125 [78, 97]
45.2025 66.550625 [55, 76]

230.625 2.65625 [85, 95]
27.9225 93.730625 [57, 60]
212.3325 9.333125 [78, 97]
45.2025 66.550625 [55, 76]
128.025 13.00625 [91, 73]

230.625 2.65625 [85, 95]
27.9225 93.730625 [57, 60]
212.3325 9.333125 [78, 97]
45.2025 66.550625 [55, 76]
128.025 13.00625 [91, 73]

230.625 2.65625 [85, 95]
212.3325 9.333125 [78, 97]
128.025 13.00625 [91, 73]
0.1125 50.778125 [66, 67]

230.625 2.65625 [85, 95]
212.3325 9.333125 [78, 97]
128.025 13.00625 [91, 73]
0.1125 50.778125 [66, 67]

230.625 2.65625 [85, 95]
212.3325 9.333125 [78, 97]
128.025 13.00625 [91, 73]
0.1125 50.778125 [66, 67]

230.625 2.65625 [85, 95]
212.3325 9.333125 [78, 97]
0.1125 50.778125 [66, 67]
64.9125 12.978125 [74, 83]

230.625 2.65625 [85, 95]
212.3325 9.333125 [78, 97]
0.1125 50.778125 [66, 67]
64.9125 12.978125 [74, 83]

230.625 2.65625 [85, 95]
0.1125 50.778125 [66, 67]
64.9125 12.978125 [74, 83]
177.57 2.8925 [82, 92]

230.625 2.65625 [85, 95]
0.1125 50.778125 [66, 67]
64.9125 12.978125 [74, 83]
177.57 2.8925 [82, 92]
54.045 26.01125 [83, 67]

230.625 2.65625 [85, 95]
0.1125 50.778125 [66, 67]
64.9125 12.978125 [74, 83]
177.57 2.8925 [82, 92]
54.045 26.01125 [83, 67]

230.625 2.65625 [85, 95]
0.1125 50.778125 [66, 67]
64.9125 12.978125 [74, 83]
177.57 2.8925 [82, 92]
54.045 26.01125 [83, 67]

230.625 2.65625 [85, 95]
0.1125 50.778125 [66, 67]
64.9125 12.978125 [74, 83]
177.57 2.8925 [82, 92]
54.045 26.01125 [83, 67]

230.625 2.65625 [85, 95]
0.1125 50.778125 [66, 67]
64.9125 12.978125 [74, 83]
177.57 2.8925 [82, 92]
54.045 26.01125 [83, 67]

230.625 2.65625 [85, 95]
0.1125 50.778125 [66, 67]
64.9125 12.978125 [74, 83]
177.57 2.8925 [82, 92]
54.045 26.01125 [83, 67]

230.625 2.65625 [85, 95]
0.1125 50.778125 [66, 67]
64.9125 12.978125 [74, 83]
177.57 2.8925 [82, 92]
54.045 26.01125 [83, 67]

230.625 2.65625 [85, 95]
0.1125 50.778125 [66, 67]
64.9125 12.978125 [74, 83]
177.57 2.8925 [82, 92]
54.045 26.01125 [83, 67]

230.625 2.65625 [85, 95]
0.1125 50.778125 [66, 67]
64.9125 12.978125 [74, 83]
177.57 2.8925 [82, 92]
54.045 26.01125 [83, 67]

230.625 2.65625 [85, 95]
0.1125 50.778125 [66, 67]
64.9125 12.978125 [74, 83]
177.57 2.8925 [82, 92]
54.045 26.01125 [83, 67]

230.625 2.65625 [85, 95]
0.1125 50.778125 [66, 67]
64.9125 12.978125 [74, 83]
177.57 2.8925 [82, 92]
54.045 26.01125 [83, 67]

230.625 2.65625 [85, 95]
0.1125 50.778125 [66, 67]
64.9125 12.978125 [74, 83]
177.57 2.8925 [82, 92]
54.045 26.01125 [83, 67]

230.625 2.65625 [85, 95]
0.1125 50.778125 [66, 67]
64.9125 12.978125 [74, 83]
177.57 2.8925 [82, 92]
54.045 26.01125 [83, 67]

230.625 2.65625 [85, 95]
0.1125 50.778125 [66, 67]
64.9125 12.978125 [74, 83]
177.57 2.8925 [82, 92]
54.045 26.01125 [83, 67]

230.625 2.65625 [85, 95]
0.1125 50.778125 [66, 67]
64.9125 12.978125 [74, 83]
177.57 2.8925 [82, 92]
54.045 26.01125 [83, 67]
11.25 33.3125 [68, 74]

230.625 2.65625 [85, 95]
0.1125 50.778125 [66, 67]
64.9125 12.978125 [74, 83]
177.57 2.8925 [82, 92]
54.045 26.01125 [83, 67]
11.25 33.3125 [68, 74]

230.625 2.65625 [85, 95]
0.1125 50.778125 [66, 67]
64.9125 12.978125 [74, 83]
177.57 2.8925 [82, 92]
54.045 26.01125 [83, 67]
11.25 33.3125 [68, 74]

230.625 2.65625 [85, 95]
0.1125 50.778125 [66, 67]
64.9125 12.978125 [74, 83]
177.57 2.8925 [82, 92]
54.045 26.01125 [83, 67]
11.25 33.3125 [68, 74]

230.625 2.65625 [85, 95]
0.1125 50.778125 [66, 67]
64.9125 12.978125 [74, 83]
177.57 2.8925 [82, 92]
54.045 26.01125 [83, 67]
11.25 33.3125 [68, 74]
171.5625 3.640625 [92, 81]

230.625 2.65625 [85, 95]
0.1125 50.778125 [66, 67]
64.9125 12.978125 [74, 83]
177.57 2.8925 [82, 92]
54.045 26.01125 [83, 67]
11.25 33.3125 [68, 74]
171.5625 3.640625 [92, 81]

230.625 2.65625 [85, 95]
0.1125 50.778125 [66, 67]
64.9125 12.978125 [74, 83]
177.57 2.8925 [82, 92]
54.045 26.01125 [83, 67]
11.25 33.3125 [68, 74]
171.5625 3.640625 [92, 81]

230.625 2.65625 [85, 95]
0.1125 50.778125 [66, 67]
64.9125 12.978125 [74, 83]
177.57 2.8925 [82, 92]
54.045 26.01125 [83, 67]
11.25 33.3125 [68, 74]
171.5625 3.640625 [92, 81]
260.325 1.08125 [93, 91]

230.625 2.65625 [85, 95]
0.1125 50.778125 [66, 67]
64.9125 12.978125 [74, 83]
177.57 2.8925 [82, 92]
54.045 26.01125 [83, 67]
11.25 33.3125 [68, 74]
171.5625 3.640625 [92, 81]
260.325 1.08125 [93, 91]

0.1125 50.778125 [66, 67]
64.9125 12.978125 [74, 83]
177.57 2.8925 [82, 92]
54.045 26.01125 [83, 67]
11.25 33.3125 [68, 74]
171.5625 3.640625 [92, 81]
224.145 1.03625 [87, 93]

0.1125 50.778125 [66, 67]
64.9125 12.978125 [74, 83]
177.57 2.8925 [82, 92]
54.045 26.01125 [83, 67]
11.25 33.3125 [68, 74]
171.5625 3.640625 [92, 81]
224.145 1.03625 [87, 93]
48.1725 31.293125 [65, 82]
115.065 9.76625 [75, 89]

0.1125 50.778125 [66, 67]
64.9125 12.978125 [74, 83]
177.57 2.8925 [82, 92]
54.045 26.01125 [83, 67]
11.25 33.3125 [68, 74]
171.5625 3.640625 [92, 81]
224.145 1.03625 [87, 93]
48.1725 31.293125 [65, 82]
115.065 9.76625 [75, 89]

0.1125 50.778125 [66, 67]
64.9125 12.978125 [74, 83]
177.57 2.8925 [82, 92]
54.045 26.01125 [83, 67]
11.25 33.3125 [68, 74]
171.5625 3.640625 [92, 81]
224.145 1.03625 [87, 93]
48.1725 31.293125 [65, 82]
115.065 9.76625 [75, 89]

0.1125 50.778125 [66, 67]
64.9125 12.978125 [74, 83]
177.57 2.8925 [82, 92]
54.045 26.01125 [83, 67]
11.25 33.3125 [68, 74]
171.5625 3.640625 [92, 81]
224.145 1.03625 [87, 93]
48.1725 31.293125 [65, 82]
115.065 9.76625 [75, 89]

0.1125 50.778125 [66, 67]
64.9125 12.978125 [74, 83]
177.57 2.8925 [82, 92]
54.045 26.01125 [83, 67]
11.25 33.3125 [68, 74]
171.5625 3.640625 [92, 81]
224.145 1.03625 [87, 93]
48.1725 31.293125 [65, 82]
115.065 9.76625 [75, 89]

0.1125 50.778125 [66, 67]
64.9125 12.978125 [74, 83]
177.57 2.8925 [82, 92]
54.045 26.01125 [83, 67]
11.25 33.3125 [68, 74]
171.5625 3.640625 [92, 81]
224.145 1.03625 [87, 93]
48.1725 31.293125 [65, 82]
115.065 9.76625 [75, 89]
162.045 8.01125 [77, 93]

0.1125 50.778125 [66, 67]
64.9125 12.978125 [74, 83]
177.57 2.8925 [82, 92]
54.045 26.01125 [83, 67]
11.25 33.3125 [68, 74]
171.5625 3.640625 [92, 81]
224.145 1.03625 [87, 93]
48.1725 31.293125 [65, 82]
115.065 9.76625 [75, 89]
162.045 8.01125 [77, 93]

0.1125 50.778125 [66, 67]
64.9125 12.978125 [74, 83]
177.57 2.8925 [82, 92]
54.045 26.01125 [83, 67]
11.25 33.3125 [68, 74]
171.5625 3.640625 [92, 81]
224.145 1.03625 [87, 93]
48.1725 31.293125 [65, 82]
115.065 9.76625 [75, 89]
162.045 8.01125 [77, 93]

0.1125 50.778125 [66, 67]
64.9125 12.978125 [74, 83]
177.57 2.8925 [82, 92]
54.045 26.01125 [83, 67]
11.25 33.3125 [68, 74]
171.5625 3.640625 [92, 81]
224.145 1.03625 [87, 93]
48.1725 31.293125 [65, 82]
115.065 9.76625 [75, 89]
162.045 8.01125 [77, 93]

0.1125 50.778125 [66, 67]
64.9125 12.978125 [74, 83]
177.57 2.8925 [82, 92]
54.045 26.01125 [83, 67]
11.25 33.3125 [68, 74]
171.5625 3.640625 [92, 81]
224.145 1.03625 [87, 93]
48.1725 31.293125 [65, 82]
115.065 9.76625 [75, 89]
162.045 8.01125 [77, 93]

0.1125 50.778125 [66, 67]
64.9125 12.978125 [74, 83]
177.57 2.8925 [82, 92]
54.045 26.01125 [83, 67]
11.25 33.3125 [68, 74]
171.5625 3.640625 [92, 81]
224.145 1.03625 [87, 93]
48.1725 31.293125 [65, 82]
115.065 9.76625 [75, 89]
162.045 8.01125 [77, 93]

0.1125 50.778125 [66, 67]
64.9125 12.978125 [74, 83]
177.57 2.8925 [82, 92]
54.045 26.01125 [83, 67]
11.25 33.3125 [68, 74]
171.5625 3.640625 [92, 81]
224.145 1.03625 [87, 93]
115.065 9.76625 [75, 89]
162.045 8.01125 [77, 93]
30.825 29.20625 [79, 67]

0.1125 50.778125 [66, 67]
64.9125 12.978125 [74, 83]
177.57 2.8925 [82, 92]
54.045 26.01125 [83, 67]
11.25 33.3125 [68, 74]
171.5625 3.640625 [92, 81]
224.145 1.03625 [87, 93]
115.065 9.76625 [75, 89]
162.045 8.01125 [77, 93]
30.825 29.20625 [79, 67]

0.1125 50.778125 [66, 67]
64.9125 12.978125 [74, 83]
177.57 2.8925 [82, 92]
54.045 26.01125 [83, 67]
11.25 33.3125 [68, 74]
171.5625 3.640625 [92, 81]
224.145 1.03625 [87, 93]
115.065 9.76625 [75, 89]
162.045 8.01125 [77, 93]
30.825 29.20625 [79, 67]

0.1125 50.778125 [66, 67]
64.9125 12.978125 [74, 83]
177.57 2.8925 [82, 92]
54.045 26.01125 [83, 67]
11.25 33.3125 [68, 74]
171.5625 3.640625 [92, 81]
224.145 1.03625 [87, 93]
115.065 9.76625 [75, 89]
162.045 8.01125 [77, 93]
30.825 29.20625 [79, 67]

0.1125 50.778125 [66, 67]
64.9125 12.978125 [74, 83]
177.57 2.8925 [82, 92]
54.045 26.01125 [83, 67]
11.25 33.3125 [68, 74]
171.5625 3.640625 [92, 81]
224.145 1.03625 [87, 93]
115.065 9.76625 [75, 89]
162.045 8.01125 [77, 93]
30.825 29.20625 [79, 67]

0.1125 50.778125 [66, 67]
64.9125 12.978125 [74, 83]
177.57 2.8925 [82, 92]
54.045 26.01125 [83, 67]
11.25 33.3125 [68, 74]
171.5625 3.640625 [92, 81]
224.145 1.03625 [87, 93]
115.065 9.76625 [75, 89]
162.045 8.01125 [77, 93]
30.825 29.20625 [79, 67]
2.34 44.585 [70, 66]

0.1125 50.778125 [66, 67]
64.9125 12.978125 [74, 83]
177.57 2.8925 [82, 92]
54.045 26.01125 [83, 67]
11.25 33.3125 [68, 74]
171.5625 3.640625 [92, 81]
224.145 1.03625 [87, 93]
115.065 9.76625 [75, 89]
162.045 8.01125 [77, 93]
30.825 29.20625 [79, 67]
2.34 44.585 [70, 66]

0.1125 50.778125 [66, 67]
64.9125 12.978125 [74, 83]
177.57 2.8925 [82, 92]
54.045 26.01125 [83, 67]
11.25 33.3125 [68, 74]
171.5625 3.640625 [92, 81]
224.145 1.03625 [87, 93]
115.065 9.76625 [75, 89]
162.045 8.01125 [77, 93]
30.825 29.20625 [79, 67]
2.34 44.585 [70, 66]

0.1125 50.778125 [66, 67]
64.9125 12.978125 [74, 83]
177.57 2.8925 [82, 92]
54.045 26.01125 [83, 67]
11.25 33.3125 [68, 74]
171.5625 3.640625 [92, 81]
224.145 1.03625 [87, 93]
115.065 9.76625 [75, 89]
162.045 8.01125 [77, 93]
30.825 29.20625 [79, 67]
2.34 44.585 [70, 66]

0.1125 50.778125 [66, 67]
64.9125 12.978125 [74, 83]
177.57 2.8925 [82, 92]
54.045 26.01125 [83, 67]
11.25 33.3125 [68, 74]
171.5625 3.640625 [92, 81]
224.145 1.03625 [87, 93]
115.065 9.76625 [75, 89]
162.045 8.01125 [77, 93]
30.825 29.20625 [79, 67]
2.34 44.585 [70, 66]
171.225 5.80625 [93, 79]

0.1125 50.778125 [66, 67]
64.9125 12.978125 [74, 83]
177.57 2.8925 [82, 92]
54.045 26.01125 [83, 67]
11.25 33.3125 [68, 74]
171.5625 3.640625 [92, 81]
224.145 1.03625 [87, 93]
115.065 9.76625 [75, 89]
162.045 8.01125 [77, 93]
30.825 29.20625 [79, 67]
2.34 44.585 [70, 66]
171.225 5.80625 [93, 79]

0.1125 50.778125 [66, 67]
64.9125 12.978125 [74, 83]
177.57 2.8925 [82, 92]
54.045 26.01125 [83, 67]
11.25 33.3125 [68, 74]
171.5625 3.640625 [92, 81]
224.145 1.03625 [87, 93]
115.065 9.76625 [75, 89]
162.045 8.01125 [77, 93]
30.825 29.20625 [79, 67]
2.34 44.585 [70, 66]
171.225 5.80625 [93, 79]

0.1125 50.778125 [66, 67]
64.9125 12.978125 [74, 83]
177.57 2.8925 [82, 92]
54.045 26.01125 [83, 67]
11.25 33.3125 [68, 74]
171.5625 3.640625 [92, 81]
224.145 1.03625 [87, 93]
115.065 9.76625 [75, 89]
162.045 8.01125 [77, 93]
30.825 29.20625 [79, 67]
2.34 44.585 [70, 66]
171.225 5.80625 [93, 79]

0.1125 50.778125 [66, 67]
177.57 2.8925 [82, 92]
54.045 26.01125 [83, 67]
11.25 33.3125 [68, 74]
171.5625 3.640625 [92, 81]
224.145 1.03625 [87, 93]
115.065 9.76625 [75, 89]
162.045 8.01125 [77, 93]
30.825 29.20625 [79, 67]
2.34 44.585 [70, 66]
171.225 5.80625 [93, 79]
62.01 10.0025 [78, 80]

0.1125 50.778125 [66, 67]
177.57 2.8925 [82, 92]
54.045 26.01125 [83, 67]
11.25 33.3125 [68, 74]
171.5625 3.640625 [92, 81]
224.145 1.03625 [87, 93]
115.065 9.76625 [75, 89]
162.045 8.01125 [77, 93]
30.825 29.20625 [79, 67]
2.34 44.585 [70, 66]
171.225 5.80625 [93, 79]
62.01 10.0025 [78, 80]

0.1125 50.778125 [66, 67]
177.57 2.8925 [82, 92]
11.25 33.3125 [68, 74]
171.5625 3.640625 [92, 81]
224.145 1.03625 [87, 93]
115.065 9.76625 [75, 89]
162.045 8.01125 [77, 93]
30.825 29.20625 [79, 67]
2.34 44.585 [70, 66]
171.225 5.80625 [93, 79]
62.01 10.0025 [78, 80]
32.5125 18.378125 [77, 74]

0.1125 50.778125 [66, 67]
177.57 2.8925 [82, 92]
11.25 33.3125 [68, 74]
171.5625 3.640625 [92, 81]
224.145 1.03625 [87, 93]
115.065 9.76625 [75, 89]
162.045 8.01125 [77, 93]
30.825 29.20625 [79, 67]
2.34 44.585 [70, 66]
171.225 5.80625 [93, 79]
62.01 10.0025 [78, 80]
32.5125 18.378125 [77, 74]

0.1125 50.778125 [66, 67]
177.57 2.8925 [82, 92]
11.25 33.3125 [68, 74]
171.5625 3.640625 [92, 81]
224.145 1.03625 [87, 93]
115.065 9.76625 [75, 89]
162.045 8.01125 [77, 93]
30.825 29.20625 [79, 67]
2.34 44.585 [70, 66]
171.225 5.80625 [93, 79]
62.01 10.0025 [78, 80]
32.5125 18.378125 [77, 74]

0.1125 50.778125 [66, 67]
177.57 2.8925 [82, 92]
11.25 33.3125 [68, 74]
171.5625 3.640625 [92, 81]
224.145 1.03625 [87, 93]
115.065 9.76625 [75, 89]
162.045 8.01125 [77, 93]
30.825 29.20625 [79, 67]
2.34 44.585 [70, 66]
171.225 5.80625 [93, 79]
62.01 10.0025 [78, 80]
32.5125 18.378125 [77, 74]

0.1125 50.778125 [66, 67]
177.57 2.8925 [82, 92]
11.25 33.3125 [68, 74]
171.5625 3.640625 [92, 81]
224.145 1.03625 [87, 93]
115.065 9.76625 [75, 89]
162.045 8.01125 [77, 93]
30.825 29.20625 [79, 67]
2.34 44.585 [70, 66]
171.225 5.80625 [93, 79]
62.01 10.0025 [78, 80]
32.5125 18.378125 [77, 74]
31.905 24.97625 [79, 69]

0.1125 50.778125 [66, 67]
177.57 2.8925 [82, 92]
11.25 33.3125 [68, 74]
171.5625 3.640625 [92, 81]
224.145 1.03625 [87, 93]
115.065 9.76625 [75, 89]
162.045 8.01125 [77, 93]
30.825 29.20625 [79, 67]
2.34 44.585 [70, 66]
171.225 5.80625 [93, 79]
62.01 10.0025 [78, 80]
32.5125 18.378125 [77, 74]
31.905 24.97625 [79, 69]

0.1125 50.778125 [66, 67]
177.57 2.8925 [82, 92]
11.25 33.3125 [68, 74]
171.5625 3.640625 [92, 81]
224.145 1.03625 [87, 93]
115.065 9.76625 [75, 89]
162.045 8.01125 [77, 93]
30.825 29.20625 [79, 67]
2.34 44.585 [70, 66]
171.225 5.80625 [93, 79]
62.01 10.0025 [78, 80]
32.5125 18.378125 [77, 74]
31.905 24.97625 [79, 69]
44.1225 16.780625 [80, 73]

0.1125 50.778125 [66, 67]
177.57 2.8925 [82, 92]
11.25 33.3125 [68, 74]
171.5625 3.640625 [92, 81]
224.145 1.03625 [87, 93]
115.065 9.76625 [75, 89]
162.045 8.01125 [77, 93]
30.825 29.20625 [79, 67]
2.34 44.585 [70, 66]
171.225 5.80625 [93, 79]
62.01 10.0025 [78, 80]
32.5125 18.378125 [77, 74]
31.905 24.97625 [79, 69]
44.1225 16.780625 [80, 73]

0.1125 50.778125 [66, 67]
177.57 2.8925 [82, 92]
11.25 33.3125 [68, 74]
171.5625 3.640625 [92, 81]
224.145 1.03625 [87, 93]
115.065 9.76625 [75, 89]
162.045 8.01125 [77, 93]
30.825 29.20625 [79, 67]
2.34 44.585 [70, 66]
171.225 5.80625 [93, 79]
62.01 10.0025 [78, 80]
32.5125 18.378125 [77, 74]
31.905 24.97625 [79, 69]
44.1225 16.780625 [80, 73]

0.1125 50.778125 [66, 67]
177.57 2.8925 [82, 92]
11.25 33.3125 [68, 74]
171.5625 3.640625 [92, 81]
224.145 1.03625 [87, 93]
115.065 9.76625 [75, 89]
162.045 8.01125 [77, 93]
30.825 29.20625 [79, 67]
2.34 44.585 [70, 66]
171.225 5.80625 [93, 79]
62.01 10.0025 [78, 80]
32.5125 18.378125 [77, 74]
31.905 24.97625 [79, 69]
44.1225 16.780625 [80, 73]

0.1125 50.778125 [66, 67]
177.57 2.8925 [82, 92]
11.25 33.3125 [68, 74]
171.5625 3.640625 [92, 81]
224.145 1.03625 [87, 93]
115.065 9.76625 [75, 89]
162.045 8.01125 [77, 93]
30.825 29.20625 [79, 67]
2.34 44.585 [70, 66]
171.225 5.80625 [93, 79]
62.01 10.0025 [78, 80]
32.5125 18.378125 [77, 74]
31.905 24.97625 [79, 69]
44.1225 16.780625 [80, 73]

0.1125 50.778125 [66, 67]
177.57 2.8925 [82, 92]
11.25 33.3125 [68, 74]
171.5625 3.640625 [92, 81]
224.145 1.03625 [87, 93]
115.065 9.76625 [75, 89]
162.045 8.01125 [77, 93]
30.825 29.20625 [79, 67]
2.34 44.585 [70, 66]
171.225 5.80625 [93, 79]
62.01 10.0025 [78, 80]
32.5125 18.378125 [77, 74]
31.905 24.97625 [79, 69]
44.1225 16.780625 [80, 73]

0.1125 50.778125 [66, 67]
177.57 2.8925 [82, 92]
11.25 33.3125 [68, 74]
171.5625 3.640625 [92, 81]
224.145 1.03625 [87, 93]
115.065 9.76625 [75, 89]
162.045 8.01125 [77, 93]
30.825 29.20625 [79, 67]
2.34 44.585 [70, 66]
171.225 5.80625 [93, 79]
62.01 10.0025 [78, 80]
32.5125 18.378125 [77, 74]
31.905 24.97625 [79, 69]
44.1225 16.780625 [80, 73]

0.1125 50.778125 [66, 67]
177.57 2.8925 [82, 92]
11.25 33.3125 [68, 74]
171.5625 3.640625 [92, 81]
224.145 1.03625 [87, 93]
115.065 9.76625 [75, 89]
162.045 8.01125 [77, 93]
30.825 29.20625 [79, 67]
2.34 44.585 [70, 66]
171.225 5.80625 [93, 79]
62.01 10.0025 [78, 80]
32.5125 18.378125 [77, 74]
31.905 24.97625 [79, 69]
44.1225 16.780625 [80, 73]

0.1125 50.778125 [66, 67]
11.25 33.3125 [68, 74]
224.145 1.03625 [87, 93]
115.065 9.76625 [75, 89]
30.825 29.20625 [79, 67]
2.34 44.585 [70, 66]
62.01 10.0025 [78, 80]
32.5125 18.378125 [77, 74]
31.905 24.97625 [79, 69]
44.1225 16.780625 [80, 73]
53.64 12.41 [76, 80]
151.785 0.94625 [85, 87]

0.1125 50.778125 [66, 67]
11.25 33.3125 [68, 74]
115.065 9.76625 [75, 89]
30.825 29.20625 [79, 67]
2.34 44.585 [70, 66]
62.01 10.0025 [78, 80]
32.5125 18.378125 [77, 74]
31.905 24.97625 [79, 69]
44.1225 16.780625 [80, 73]
53.64 12.41 [76, 80]
151.785 0.94625 [85, 87]

0.1125 50.778125 [66, 67]
11.25 33.3125 [68, 74]
115.065 9.76625 [75, 89]
30.825 29.20625 [79, 67]
2.34 44.585 [70, 66]
62.01 10.0025 [78, 80]
32.5125 18.378125 [77, 74]
31.905 24.97625 [79, 69]
44.1225 16.780625 [80, 73]
53.64 12.41 [76, 80]
151.785 0.94625 [85, 87]

0.1125 50.778125 [66, 67]
11.25 33.3125 [68, 74]
115.065 9.76625 [75, 89]
30.825 29.20625 [79, 67]
2.34 44.585 [70, 66]
62.01 10.0025 [78, 80]
32.5125 18.378125 [77, 74]
31.905 24.97625 [79, 69]
44.1225 16.780625 [80, 73]
53.64 12.41 [76, 80]
151.785 0.94625 [85, 87]

0.1125 50.778125 [66, 67]
11.25 33.3125 [68, 74]
115.065 9.76625 [75, 89]
30.825 29.20625 [79, 67]
2.34 44.585 [70, 66]
62.01 10.0025 [78, 80]
32.5125 18.378125 [77, 74]
31.905 24.97625 [79, 69]
44.1225 16.780625 [80, 73]
53.64 12.41 [76, 80]
151.785 0.94625 [85, 87]

0.1125 50.778125 [66, 67]
11.25 33.3125 [68, 74]
115.065 9.76625 [75, 89]
30.825 29.20625 [79, 67]
2.34 44.585 [70, 66]
62.01 10.0025 [78, 80]
32.5125 18.378125 [77, 74]
31.905 24.97625 [79, 69]
44.1225 16.780625 [80, 73]
53.64 12.41 [76, 80]
151.785 0.94625 [85, 87]

0.1125 50.778125 [66, 67]
11.25 33.3125 [68, 74]
115.065 9.76625 [75, 89]
30.825 29.20625 [79, 67]
2.34 44.585 [70, 66]
62.01 10.0025 [78, 80]
32.5125 18.378125 [77, 74]
31.905 24.97625 [79, 69]
44.1225 16.780625 [80, 73]
53.64 12.41 [76, 80]
151.785 0.94625 [85, 87]
35.685 16.92125 [75, 77]

0.1125 50.778125 [66, 67]
11.25 33.3125 [68, 74]
115.065 9.76625 [75, 89]
30.825 29.20625 [79, 67]
2.34 44.585 [70, 66]
62.01 10.0025 [78, 80]
32.5125 18.378125 [77, 74]
31.905 24.97625 [79, 69]
44.1225 16.780625 [80, 73]
53.64 12.41 [76, 80]
151.785 0.94625 [85, 87]
35.685 16.92125 [75, 77]

0.1125 50.778125 [66, 67]
11.25 33.3125 [68, 74]
115.065 9.76625 [75, 89]
30.825 29.20625 [79, 67]
2.34 44.585 [70, 66]
62.01 10.0025 [78, 80]
32.5125 18.378125 [77, 74]
31.905 24.97625 [79, 69]
44.1225 16.780625 [80, 73]
53.64 12.41 [76, 80]
151.785 0.94625 [85, 87]
35.685 16.92125 [75, 77]

0.1125 50.778125 [66, 67]
11.25 33.3125 [68, 74]
115.065 9.76625 [75, 89]
30.825 29.20625 [79, 67]
2.34 44.585 [70, 66]
62.01 10.0025 [78, 80]
32.5125 18.378125 [77, 74]
31.905 24.97625 [79, 69]
44.1225 16.780625 [80, 73]
53.64 12.41 [76, 80]
151.785 0.94625 [85, 87]
35.685 16.92125 [75, 77]

0.1125 50.778125 [66, 67]
11.25 33.3125 [68, 74]
115.065 9.76625 [75, 89]
30.825 29.20625 [79, 67]
2.34 44.585 [70, 66]
62.01 10.0025 [78, 80]
32.5125 18.378125 [77, 74]
31.905 24.97625 [79, 69]
44.1225 16.780625 [80, 73]
53.64 12.41 [76, 80]
151.785 0.94625 [85, 87]
35.685 16.92125 [75, 77]

0.1125 50.778125 [66, 67]
11.25 33.3125 [68, 74]
115.065 9.76625 [75, 89]
30.825 29.20625 [79, 67]
2.34 44.585 [70, 66]
62.01 10.0025 [78, 80]
32.5125 18.378125 [77, 74]
31.905 24.97625 [79, 69]
44.1225 16.780625 [80, 73]
53.64 12.41 [76, 80]
151.785 0.94625 [85, 87]
35.685 16.92125 [75, 77]

0.1125 50.778125 [66, 67]
11.25 33.3125 [68, 74]
115.065 9.76625 [75, 89]
30.825 29.20625 [79, 67]
2.34 44.585 [70, 66]
62.01 10.0025 [78, 80]
32.5125 18.378125 [77, 74]
31.905 24.97625 [79, 69]
44.1225 16.780625 [80, 73]
53.64 12.41 [76, 80]
151.785 0.94625 [85, 87]
35.685 16.92125 [75, 77]

0.1125 50.778125 [66, 67]
11.25 33.3125 [68, 74]
115.065 9.76625 [75, 89]
30.825 29.20625 [79, 67]
2.34 44.585 [70, 66]
62.01 10.0025 [78, 80]
32.5125 18.378125 [77, 74]
31.905 24.97625 [79, 69]
44.1225 16.780625 [80, 73]
53.64 12.41 [76, 80]
151.785 0.94625 [85, 87]
35.685 16.92125 [75, 77]

0.1125 50.778125 [66, 67]
11.25 33.3125 [68, 74]
115.065 9.76625 [75, 89]
30.825 29.20625 [79, 67]
2.34 44.585 [70, 66]
62.01 10.0025 [78, 80]
32.5125 18.378125 [77, 74]
31.905 24.97625 [79, 69]
44.1225 16.780625 [80, 73]
53.64 12.41 [76, 80]
151.785 0.94625 [85, 87]
35.685 16.92125 [75, 77]
222.12 0.53 [88, 92]

0.1125 50.778125 [66, 67]
11.25 33.3125 [68, 74]
115.065 9.76625 [75, 89]
30.825 29.20625 [79, 67]
2.34 44.585 [70, 66]
62.01 10.0025 [78, 80]
32.5125 18.378125 [77, 74]
31.905 24.97625 [79, 69]
44.1225 16.780625 [80, 73]
53.64 12.41 [76, 80]
151.785 0.94625 [85, 87]
35.685 16.92125 [75, 77]
222.12 0.53 [88, 92]

0.1125 50.778125 [66, 67]
11.25 33.3125 [68, 74]
115.065 9.76625 [75, 89]
30.825 29.20625 [79, 67]
2.34 44.585 [70, 66]
62.01 10.0025 [78, 80]
32.5125 18.378125 [77, 74]
31.905 24.97625 [79, 69]
44.1225 16.780625 [80, 73]
53.64 12.41 [76, 80]
151.785 0.94625 [85, 87]
35.685 16.92125 [75, 77]
211.2525 0.063125 [90, 89]

0.1125 50.778125 [66, 67]
11.25 33.3125 [68, 74]
115.065 9.76625 [75, 89]
30.825 29.20625 [79, 67]
2.34 44.585 [70, 66]
62.01 10.0025 [78, 80]
32.5125 18.378125 [77, 74]
31.905 24.97625 [79, 69]
44.1225 16.780625 [80, 73]
53.64 12.41 [76, 80]
151.785 0.94625 [85, 87]
35.685 16.92125 [75, 77]
211.2525 0.063125 [90, 89]

0.1125 50.778125 [66, 67]
11.25 33.3125 [68, 74]
115.065 9.76625 [75, 89]
30.825 29.20625 [79, 67]
2.34 44.585 [70, 66]
62.01 10.0025 [78, 80]
32.5125 18.378125 [77, 74]
31.905 24.97625 [79, 69]
44.1225 16.780625 [80, 73]
53.64 12.41 [76, 80]
151.785 0.94625 [85, 87]
35.685 16.92125 [75, 77]
211.2525 0.063125 [90, 89]

0.1125 50.778125 [66, 67]
11.25 33.3125 [68, 74]
115.065 9.76625 [75, 89]
30.825 29.20625 [79, 67]
2.34 44.585 [70, 66]
62.01 10.0025 [78, 80]
32.5125 18.378125 [77, 74]
31.905 24.97625 [79, 69]
44.1225 16.780625 [80, 73]
53.64 12.41 [76, 80]
151.785 0.94625 [85, 87]
35.685 16.92125 [75, 77]
211.2525 0.063125 [90, 89]

0.1125 50.778125 [66, 67]
11.25 33.3125 [68, 74]
115.065 9.76625 [75, 89]
30.825 29.20625 [79, 67]
2.34 44.585 [70, 66]
62.01 10.0025 [78, 80]
32.5125 18.378125 [77, 74]
31.905 24.97625 [79, 69]
44.1225 16.780625 [80, 73]
53.64 12.41 [76, 80]
151.785 0.94625 [85, 87]
35.685 16.92125 [75, 77]
211.2525 0.063125 [90, 89]

0.1125 50.778125 [66, 67]
11.25 33.3125 [68, 74]
115.065 9.76625 [75, 89]
30.825 29.20625 [79, 67]
2.34 44.585 [70, 66]
62.01 10.0025 [78, 80]
32.5125 18.378125 [77, 74]
31.905 24.97625 [79, 69]
44.1225 16.780625 [80, 73]
53.64 12.41 [76, 80]
151.785 0.94625 [85, 87]
35.685 16.92125 [75, 77]
211.2525 0.063125 [90, 89]

0.1125 50.778125 [66, 67]
115.065 9.76625 [75, 89]
30.825 29.20625 [79, 67]
2.34 44.585 [70, 66]
62.01 10.0025 [78, 80]
32.5125 18.378125 [77, 74]
31.905 24.97625 [79, 69]
44.1225 16.780625 [80, 73]
53.64 12.41 [76, 80]
151.785 0.94625 [85, 87]
35.685 16.92125 [75, 77]
211.2525 0.063125 [90, 89]
9.225 32.80625 [73, 69]

0.1125 50.778125 [66, 67]
115.065 9.76625 [75, 89]
30.825 29.20625 [79, 67]
2.34 44.585 [70, 66]
62.01 10.0025 [78, 80]
32.5125 18.378125 [77, 74]
31.905 24.97625 [79, 69]
44.1225 16.780625 [80, 73]
53.64 12.41 [76, 80]
151.785 0.94625 [85, 87]
35.685 16.92125 [75, 77]
211.2525 0.063125 [90, 89]
9.225 32.80625 [73, 69]

0.1125 50.778125 [66, 67]
115.065 9.76625 [75, 89]
30.825 29.20625 [79, 67]
2.34 44.585 [70, 66]
62.01 10.0025 [78, 80]
32.5125 18.378125 [77, 74]
31.905 24.97625 [79, 69]
44.1225 16.780625 [80, 73]
53.64 12.41 [76, 80]
151.785 0.94625 [85, 87]
35.685 16.92125 [75, 77]
211.2525 0.063125 [90, 89]
9.225 32.80625 [73, 69]

0.1125 50.778125 [66, 67]
115.065 9.76625 [75, 89]
30.825 29.20625 [79, 67]
2.34 44.585 [70, 66]
62.01 10.0025 [78, 80]
32.5125 18.378125 [77, 74]
31.905 24.97625 [79, 69]
44.1225 16.780625 [80, 73]
53.64 12.41 [76, 80]
151.785 0.94625 [85, 87]
35.685 16.92125 [75, 77]
211.2525 0.063125 [90, 89]
9.225 32.80625 [73, 69]

0.1125 50.778125 [66, 67]
115.065 9.76625 [75, 89]
30.825 29.20625 [79, 67]
2.34 44.585 [70, 66]
62.01 10.0025 [78, 80]
32.5125 18.378125 [77, 74]
31.905 24.97625 [79, 69]
44.1225 16.780625 [80, 73]
53.64 12.41 [76, 80]
151.785 0.94625 [85, 87]
35.685 16.92125 [75, 77]
211.2525 0.063125 [90, 89]
9.225 32.80625 [73, 69]
142.605 3.15125 [81, 89]

0.1125 50.778125 [66, 67]
115.065 9.76625 [75, 89]
30.825 29.20625 [79, 67]
2.34 44.585 [70, 66]
62.01 10.0025 [78, 80]
32.5125 18.378125 [77, 74]
31.905 24.97625 [79, 69]
44.1225 16.780625 [80, 73]
53.64 12.41 [76, 80]
151.785 0.94625 [85, 87]
35.685 16.92125 [75, 77]
211.2525 0.063125 [90, 89]
9.225 32.80625 [73, 69]
142.605 3.15125 [81, 89]
106.2225 9.805625 [75, 88]

0.1125 50.778125 [66, 67]
115.065 9.76625 [75, 89]
30.825 29.20625 [79, 67]
2.34 44.585 [70, 66]
62.01 10.0025 [78, 80]
32.5125 18.378125 [77, 74]
31.905 24.97625 [79, 69]
44.1225 16.780625 [80, 73]
53.64 12.41 [76, 80]
151.785 0.94625 [85, 87]
35.685 16.92125 [75, 77]
211.2525 0.063125 [90, 89]
9.225 32.80625 [73, 69]
142.605 3.15125 [81, 89]
106.2225 9.805625 [75, 88]

0.1125 50.778125 [66, 67]
115.065 9.76625 [75, 89]
30.825 29.20625 [79, 67]
2.34 44.585 [70, 66]
62.01 10.0025 [78, 80]
32.5125 18.378125 [77, 74]
31.905 24.97625 [79, 69]
44.1225 16.780625 [80, 73]
53.64 12.41 [76, 80]
151.785 0.94625 [85, 87]
35.685 16.92125 [75, 77]
211.2525 0.063125 [90, 89]
9.225 32.80625 [73, 69]
142.605 3.15125 [81, 89]
106.2225 9.805625 [75, 88]

0.1125 50.778125 [66, 67]
115.065 9.76625 [75, 89]
30.825 29.20625 [79, 67]
2.34 44.585 [70, 66]
62.01 10.0025 [78, 80]
32.5125 18.378125 [77, 74]
31.905 24.97625 [79, 69]
44.1225 16.780625 [80, 73]
53.64 12.41 [76, 80]
151.785 0.94625 [85, 87]
35.685 16.92125 [75, 77]
211.2525 0.063125 [90, 89]
9.225 32.80625 [73, 69]
142.605 3.15125 [81, 89]
106.2225 9.805625 [75, 88]

0.1125 50.778125 [66, 67]
115.065 9.76625 [75, 89]
30.825 29.20625 [79, 67]
2.34 44.585 [70, 66]
62.01 10.0025 [78, 80]
32.5125 18.378125 [77, 74]
31.905 24.97625 [79, 69]
44.1225 16.780625 [80, 73]
53.64 12.41 [76, 80]
151.785 0.94625 [85, 87]
35.685 16.92125 [75, 77]
211.2525 0.063125 [90, 89]
9.225 32.80625 [73, 69]
142.605 3.15125 [81, 89]
106.2225 9.805625 [75, 88]

0.1125 50.778125 [66, 67]
115.065 9.76625 [75, 89]
30.825 29.20625 [79, 67]
2.34 44.585 [70, 66]
62.01 10.0025 [78, 80]
32.5125 18.378125 [77, 74]
31.905 24.97625 [79, 69]
44.1225 16.780625 [80, 73]
53.64 12.41 [76, 80]
151.785 0.94625 [85, 87]
35.685 16.92125 [75, 77]
211.2525 0.063125 [90, 89]
9.225 32.80625 [73, 69]
142.605 3.15125 [81, 89]
106.2225 9.805625 [75, 88]

0.1125 50.778125 [66, 67]
115.065 9.76625 [75, 89]
30.825 29.20625 [79, 67]
2.34 44.585 [70, 66]
62.01 10.0025 [78, 80]
32.5125 18.378125 [77, 74]
31.905 24.97625 [79, 69]
44.1225 16.780625 [80, 73]
53.64 12.41 [76, 80]
151.785 0.94625 [85, 87]
35.685 16.92125 [75, 77]
211.2525 0.063125 [90, 89]
9.225 32.80625 [73, 69]
142.605 3.15125 [81, 89]
106.2225 9.805625 [75, 88]

0.1125 50.778125 [66, 67]
115.065 9.76625 [75, 89]
30.825 29.20625 [79, 67]
2.34 44.585 [70, 66]
62.01 10.0025 [78, 80]
32.5125 18.378125 [77, 74]
31.905 24.97625 [79, 69]
44.1225 16.780625 [80, 73]
53.64 12.41 [76, 80]
151.785 0.94625 [85, 87]
35.685 16.92125 [75, 77]
211.2525 0.063125 [90, 89]
9.225 32.80625 [73, 69]
142.605 3.15125 [81, 89]
106.2225 9.805625 [75, 88]

0.1125 50.778125 [66, 67]
115.065 9.76625 [75, 89]
30.825 29.20625 [79, 67]
2.34 44.585 [70, 66]
62.01 10.0025 [78, 80]
32.5125 18.378125 [77, 74]
31.905 24.97625 [79, 69]
44.1225 16.780625 [80, 73]
53.64 12.41 [76, 80]
151.785 0.94625 [85, 87]
35.685 16.92125 [75, 77]
211.2525 0.063125 [90, 89]
9.225 32.80625 [73, 69]
142.605 3.15125 [81, 89]
106.2225 9.805625 [75, 88]

0.1125 50.778125 [66, 67]
115.065 9.76625 [75, 89]
30.825 29.20625 [79, 67]
2.34 44.585 [70, 66]
62.01 10.0025 [78, 80]
32.5125 18.378125 [77, 74]
31.905 24.97625 [79, 69]
44.1225 16.780625 [80, 73]
53.64 12.41 [76, 80]
151.785 0.94625 [85, 87]
35.685 16.92125 [75, 77]
211.2525 0.063125 [90, 89]
9.225 32.80625 [73, 69]
142.605 3.15125 [81, 89]
106.2225 9.805625 [75, 88]

0.1125 50.778125 [66, 67]
115.065 9.76625 [75, 89]
30.825 29.20625 [79, 67]
2.34 44.585 [70, 66]
62.01 10.0025 [78, 80]
32.5125 18.378125 [77, 74]
31.905 24.97625 [79, 69]
44.1225 16.780625 [80, 73]
53.64 12.41 [76, 80]
151.785 0.94625 [85, 87]
35.685 16.92125 [75, 77]
211.2525 0.063125 [90, 89]
9.225 32.80625 [73, 69]
142.605 3.15125 [81, 89]
106.2225 9.805625 [75, 88]

0.1125 50.778125 [66, 67]
115.065 9.76625 [75, 89]
30.825 29.20625 [79, 67]
2.34 44.585 [70, 66]
62.01 10.0025 [78, 80]
32.5125 18.378125 [77, 74]
31.905 24.97625 [79, 69]
44.1225 16.780625 [80, 73]
53.64 12.41 [76, 80]
151.785 0.94625 [85, 87]
35.685 16.92125 [75, 77]
211.2525 0.063125 [90, 89]
9.225 32.80625 [73, 69]
142.605 3.15125 [81, 89]
106.2225 9.805625 [75, 88]

0.1125 50.778125 [66, 67]
115.065 9.76625 [75, 89]
30.825 29.20625 [79, 67]
2.34 44.585 [70, 66]
62.01 10.0025 [78, 80]
32.5125 18.378125 [77, 74]
31.905 24.97625 [79, 69]
44.1225 16.780625 [80, 73]
53.64 12.41 [76, 80]
151.785 0.94625 [85, 87]
35.685 16.92125 [75, 77]
211.2525 0.063125 [90, 89]
9.225 32.80625 [73, 69]
142.605 3.15125 [81, 89]
106.2225 9.805625 [75, 88]

0.1125 50.778125 [66, 67]
115.065 9.76625 [75, 89]
30.825 29.20625 [79, 67]
2.34 44.585 [70, 66]
62.01 10.0025 [78, 80]
32.5125 18.378125 [77, 74]
31.905 24.97625 [79, 69]
44.1225 16.780625 [80, 73]
53.64 12.41 [76, 80]
151.785 0.94625 [85, 87]
35.685 16.92125 [75, 77]
211.2525 0.063125 [90, 89]
9.225 32.80625 [73, 69]
142.605 3.15125 [81, 89]
106.2225 9.805625 [75, 88]

0.1125 50.778125 [66, 67]
115.065 9.76625 [75, 89]
30.825 29.20625 [79, 67]
2.34 44.585 [70, 66]
62.01 10.0025 [78, 80]
32.5125 18.378125 [77, 74]
31.905 24.97625 [79, 69]
44.1225 16.780625 [80, 73]
53.64 12.41 [76, 80]
151.785 0.94625 [85, 87]
35.685 16.92125 [75, 77]
211.2525 0.063125 [90, 89]
9.225 32.80625 [73, 69]
142.605 3.15125 [81, 89]
106.2225 9.805625 [75, 88]

0.1125 50.778125 [66, 67]
115.065 9.76625 [75, 89]
30.825 29.20625 [79, 67]
2.34 44.585 [70, 66]
62.01 10.0025 [78, 80]
32.5125 18.378125 [77, 74]
31.905 24.97625 [79, 69]
44.1225 16.780625 [80, 73]
53.64 12.41 [76, 80]
151.785 0.94625 [85, 87]
35.685 16.92125 [75, 77]
211.2525 0.063125 [90, 89]
9.225 32.80625 [73, 69]
142.605 3.15125 [81, 89]
106.2225 9.805625 [75, 88]

0.1125 50.778125 [66, 67]
115.065 9.76625 [75, 89]
30.825 29.20625 [79, 67]
2.34 44.585 [70, 66]
62.01 10.0025 [78, 80]
32.5125 18.378125 [77, 74]
31.905 24.97625 [79, 69]
44.1225 16.780625 [80, 73]
53.64 12.41 [76, 80]
151.785 0.94625 [85, 87]
35.685 16.92125 [75, 77]
211.2525 0.063125 [90, 89]
9.225 32.80625 [73, 69]
142.605 3.15125 [81, 89]
106.2225 9.805625 [75, 88]

0.1125 50.778125 [66, 67]
115.065 9.76625 [75, 89]
30.825 29.20625 [79, 67]
2.34 44.585 [70, 66]
62.01 10.0025 [78, 80]
32.5125 18.378125 [77, 74]
31.905 24.97625 [79, 69]
44.1225 16.780625 [80, 73]
53.64 12.41 [76, 80]
151.785 0.94625 [85, 87]
35.685 16.92125 [75, 77]
211.2525 0.063125 [90, 89]
9.225 32.80625 [73, 69]
142.605 3.15125 [81, 89]
106.2225 9.805625 [75, 88]

0.1125 50.778125 [66, 67]
115.065 9.76625 [75, 89]
30.825 29.20625 [79, 67]
2.34 44.585 [70, 66]
62.01 10.0025 [78, 80]
32.5125 18.378125 [77, 74]
31.905 24.97625 [79, 69]
44.1225 16.780625 [80, 73]
53.64 12.41 [76, 80]
151.785 0.94625 [85, 87]
35.685 16.92125 [75, 77]
211.2525 0.063125 [90, 89]
9.225 32.80625 [73, 69]
142.605 3.15125 [81, 89]
106.2225 9.805625 [75, 88]

0.1125 50.778125 [66, 67]
115.065 9.76625 [75, 89]
30.825 29.20625 [79, 67]
2.34 44.585 [70, 66]
62.01 10.0025 [78, 80]
32.5125 18.378125 [77, 74]
31.905 24.97625 [79, 69]
53.64 12.41 [76, 80]
151.785 0.94625 [85, 87]
35.685 16.92125 [75, 77]
211.2525 0.063125 [90, 89]
9.225 32.80625 [73, 69]
142.605 3.15125 [81, 89]
106.2225 9.805625 [75, 88]
39.2625 15.565625 [77, 76]

0.1125 50.778125 [66, 67]
115.065 9.76625 [75, 89]
30.825 29.20625 [79, 67]
2.34 44.585 [70, 66]
62.01 10.0025 [78, 80]
32.5125 18.378125 [77, 74]
31.905 24.97625 [79, 69]
53.64 12.41 [76, 80]
151.785 0.94625 [85, 87]
35.685 16.92125 [75, 77]
211.2525 0.063125 [90, 89]
9.225 32.80625 [73, 69]
142.605 3.15125 [81, 89]
106.2225 9.805625 [75, 88]
39.2625 15.565625 [77, 76]
97.785 9.94625 [75, 87]

0.1125 50.778125 [66, 67]
115.065 9.76625 [75, 89]
30.825 29.20625 [79, 67]
2.34 44.585 [70, 66]
62.01 10.0025 [78, 80]
32.5125 18.378125 [77, 74]
31.905 24.97625 [79, 69]
53.64 12.41 [76, 80]
151.785 0.94625 [85, 87]
35.685 16.92125 [75, 77]
211.2525 0.063125 [90, 89]
9.225 32.80625 [73, 69]
142.605 3.15125 [81, 89]
106.2225 9.805625 [75, 88]
39.2625 15.565625 [77, 76]
97.785 9.94625 [75, 87]
8.2125 39.303125 [66, 73]

0.1125 50.778125 [66, 67]
115.065 9.76625 [75, 89]
30.825 29.20625 [79, 67]
2.34 44.585 [70, 66]
62.01 10.0025 [78, 80]
32.5125 18.378125 [77, 74]
31.905 24.97625 [79, 69]
53.64 12.41 [76, 80]
151.785 0.94625 [85, 87]
35.685 16.92125 [75, 77]
211.2525 0.063125 [90, 89]
9.225 32.80625 [73, 69]
142.605 3.15125 [81, 89]
106.2225 9.805625 [75, 88]
39.2625 15.565625 [77, 76]
97.785 9.94625 [75, 87]
8.2125 39.303125 [66, 73]

0.1125 50.778125 [66, 67]
115.065 9.76625 [75, 89]
30.825 29.20625 [79, 67]
2.34 44.585 [70, 66]
62.01 10.0025 [78, 80]
32.5125 18.378125 [77, 74]
31.905 24.97625 [79, 69]
53.64 12.41 [76, 80]
151.785 0.94625 [85, 87]
35.685 16.92125 [75, 77]
211.2525 0.063125 [90, 89]
9.225 32.80625 [73, 69]
142.605 3.15125 [81, 89]
106.2225 9.805625 [75, 88]
39.2625 15.565625 [77, 76]
97.785 9.94625 [75, 87]
8.2125 39.303125 [66, 73]

0.1125 50.778125 [66, 67]
115.065 9.76625 [75, 89]
30.825 29.20625 [79, 67]
2.34 44.585 [70, 66]
62.01 10.0025 [78, 80]
32.5125 18.378125 [77, 74]
31.905 24.97625 [79, 69]
53.64 12.41 [76, 80]
151.785 0.94625 [85, 87]
35.685 16.92125 [75, 77]
211.2525 0.063125 [90, 89]
9.225 32.80625 [73, 69]
142.605 3.15125 [81, 89]
106.2225 9.805625 [75, 88]
39.2625 15.565625 [77, 76]
97.785 9.94625 [75, 87]
8.2125 39.303125 [66, 73]

0.1125 50.778125 [66, 67]
115.065 9.76625 [75, 89]
30.825 29.20625 [79, 67]
2.34 44.585 [70, 66]
62.01 10.0025 [78, 80]
32.5125 18.378125 [77, 74]
31.905 24.97625 [79, 69]
53.64 12.41 [76, 80]
151.785 0.94625 [85, 87]
35.685 16.92125 [75, 77]
211.2525 0.063125 [90, 89]
9.225 32.80625 [73, 69]
142.605 3.15125 [81, 89]
106.2225 9.805625 [75, 88]
39.2625 15.565625 [77, 76]
97.785 9.94625 [75, 87]
8.2125 39.303125 [66, 73]

0.1125 50.778125 [66, 67]
115.065 9.76625 [75, 89]
30.825 29.20625 [79, 67]
2.34 44.585 [70, 66]
62.01 10.0025 [78, 80]
32.5125 18.378125 [77, 74]
31.905 24.97625 [79, 69]
53.64 12.41 [76, 80]
151.785 0.94625 [85, 87]
35.685 16.92125 [75, 77]
211.2525 0.063125 [90, 89]
9.225 32.80625 [73, 69]
142.605 3.15125 [81, 89]
106.2225 9.805625 [75, 88]
39.2625 15.565625 [77, 76]
97.785 9.94625 [75, 87]
8.2125 39.303125 [66, 73]
6.3225 43.330625 [72, 65]

0.1125 50.778125 [66, 67]
115.065 9.76625 [75, 89]
30.825 29.20625 [79, 67]
2.34 44.585 [70, 66]
62.01 10.0025 [78, 80]
32.5125 18.378125 [77, 74]
31.905 24.97625 [79, 69]
53.64 12.41 [76, 80]
151.785 0.94625 [85, 87]
35.685 16.92125 [75, 77]
211.2525 0.063125 [90, 89]
9.225 32.80625 [73, 69]
142.605 3.15125 [81, 89]
106.2225 9.805625 [75, 88]
39.2625 15.565625 [77, 76]
97.785 9.94625 [75, 87]
8.2125 39.303125 [66, 73]
6.3225 43.330625 [72, 65]

0.1125 50.778125 [66, 67]
115.065 9.76625 [75, 89]
30.825 29.20625 [79, 67]
2.34 44.585 [70, 66]
62.01 10.0025 [78, 80]
32.5125 18.378125 [77, 74]
31.905 24.97625 [79, 69]
53.64 12.41 [76, 80]
151.785 0.94625 [85, 87]
35.685 16.92125 [75, 77]
211.2525 0.063125 [90, 89]
9.225 32.80625 [73, 69]
142.605 3.15125 [81, 89]
106.2225 9.805625 [75, 88]
39.2625 15.565625 [77, 76]
97.785 9.94625 [75, 87]
8.2125 39.303125 [66, 73]
6.3225 43.330625 [72, 65]
1.665 48.91625 [69, 65]

0.1125 50.778125 [66, 67]
115.065 9.76625 [75, 89]
30.825 29.20625 [79, 67]
2.34 44.585 [70, 66]
62.01 10.0025 [78, 80]
32.5125 18.378125 [77, 74]
31.905 24.97625 [79, 69]
53.64 12.41 [76, 80]
151.785 0.94625 [85, 87]
35.685 16.92125 [75, 77]
211.2525 0.063125 [90, 89]
9.225 32.80625 [73, 69]
142.605 3.15125 [81, 89]
106.2225 9.805625 [75, 88]
39.2625 15.565625 [77, 76]
97.785 9.94625 [75, 87]
8.2125 39.303125 [66, 73]
6.3225 43.330625 [72, 65]
1.665 48.91625 [69, 65]

0.1125 50.778125 [66, 67]
115.065 9.76625 [75, 89]
30.825 29.20625 [79, 67]
2.34 44.585 [70, 66]
62.01 10.0025 [78, 80]
32.5125 18.378125 [77, 74]
31.905 24.97625 [79, 69]
53.64 12.41 [76, 80]
151.785 0.94625 [85, 87]
35.685 16.92125 [75, 77]
211.2525 0.063125 [90, 89]
9.225 32.80625 [73, 69]
142.605 3.15125 [81, 89]
106.2225 9.805625 [75, 88]
39.2625 15.565625 [77, 76]
97.785 9.94625 [75, 87]
8.2125 39.303125 [66, 73]
6.3225 43.330625 [72, 65]
1.665 48.91625 [69, 65]

0.1125 50.778125 [66, 67]
115.065 9.76625 [75, 89]
2.34 44.585 [70, 66]
62.01 10.0025 [78, 80]
32.5125 18.378125 [77, 74]
31.905 24.97625 [79, 69]
53.64 12.41 [76, 80]
151.785 0.94625 [85, 87]
35.685 16.92125 [75, 77]
211.2525 0.063125 [90, 89]
9.225 32.80625 [73, 69]
142.605 3.15125 [81, 89]
106.2225 9.805625 [75, 88]
39.2625 15.565625 [77, 76]
97.785 9.94625 [75, 87]
8.2125 39.303125 [66, 73]
6.3225 43.330625 [72, 65]
1.665 48.91625 [69, 65]
16.245 25.56125 [73, 73]

0.1125 50.778125 [66, 67]
115.065 9.76625 [75, 89]
2.34 44.585 [70, 66]
62.01 10.0025 [78, 80]
32.5125 18.378125 [77, 74]
31.905 24.97625 [79, 69]
53.64 12.41 [76, 80]
151.785 0.94625 [85, 87]
35.685 16.92125 [75, 77]
211.2525 0.063125 [90, 89]
9.225 32.80625 [73, 69]
142.605 3.15125 [81, 89]
106.2225 9.805625 [75, 88]
39.2625 15.565625 [77, 76]
97.785 9.94625 [75, 87]
8.2125 39.303125 [66, 73]
6.3225 43.330625 [72, 65]
1.665 48.91625 [69, 65]
16.245 25.56125 [73, 73]

0.1125 50.778125 [66, 67]
115.065 9.76625 [75, 89]
2.34 44.585 [70, 66]
62.01 10.0025 [78, 80]
32.5125 18.378125 [77, 74]
31.905 24.97625 [79, 69]
53.64 12.41 [76, 80]
151.785 0.94625 [85, 87]
35.685 16.92125 [75, 77]
211.2525 0.063125 [90, 89]
9.225 32.80625 [73, 69]
142.605 3.15125 [81, 89]
106.2225 9.805625 [75, 88]
39.2625 15.565625 [77, 76]
97.785 9.94625 [75, 87]
8.2125 39.303125 [66, 73]
6.3225 43.330625 [72, 65]
1.665 48.91625 [69, 65]
16.245 25.56125 [73, 73]

0.1125 50.778125 [66, 67]
115.065 9.76625 [75, 89]
2.34 44.585 [70, 66]
62.01 10.0025 [78, 80]
32.5125 18.378125 [77, 74]
31.905 24.97625 [79, 69]
53.64 12.41 [76, 80]
151.785 0.94625 [85, 87]
35.685 16.92125 [75, 77]
211.2525 0.063125 [90, 89]
9.225 32.80625 [73, 69]
142.605 3.15125 [81, 89]
106.2225 9.805625 [75, 88]
39.2625 15.565625 [77, 76]
97.785 9.94625 [75, 87]
8.2125 39.303125 [66, 73]
6.3225 43.330625 [72, 65]
1.665 48.91625 [69, 65]
16.245 25.56125 [73, 73]
43.65 14.4125 [78, 76]

0.1125 50.778125 [66, 67]
2.34 44.585 [70, 66]
62.01 10.0025 [78, 80]
32.5125 18.378125 [77, 74]
31.905 24.97625 [79, 69]
53.64 12.41 [76, 80]
151.785 0.94625 [85, 87]
35.685 16.92125 [75, 77]
211.2525 0.063125 [90, 89]
9.225 32.80625 [73, 69]
142.605 3.15125 [81, 89]
39.2625 15.565625 [77, 76]
8.2125 39.303125 [66, 73]
6.3225 43.330625 [72, 65]
1.665 48.91625 [69, 65]
16.245 25.56125 [73, 73]
43.65 14.4125 [78, 76]
75.645 8.91125 [77, 83]

0.1125 50.778125 [66, 67]
2.34 44.585 [70, 66]
62.01 10.0025 [78, 80]
32.5125 18.378125 [77, 74]
31.905 24.97625 [79, 69]
53.64 12.41 [76, 80]
151.785 0.94625 [85, 87]
35.685 16.92125 [75, 77]
211.2525 0.063125 [90, 89]
9.225 32.80625 [73, 69]
142.605 3.15125 [81, 89]
39.2625 15.565625 [77, 76]
8.2125 39.303125 [66, 73]
6.3225 43.330625 [72, 65]
1.665 48.91625 [69, 65]
16.245 25.56125 [73, 73]
43.65 14.4125 [78, 76]
75.645 8.91125 [77, 83]

0.1125 50.778125 [66, 67]
2.34 44.585 [70, 66]
62.01 10.0025 [78, 80]
32.5125 18.378125 [77, 74]
31.905 24.97625 [79, 69]
53.64 12.41 [76, 80]
151.785 0.94625 [85, 87]
35.685 16.92125 [75, 77]
211.2525 0.063125 [90, 89]
9.225 32.80625 [73, 69]
142.605 3.15125 [81, 89]
39.2625 15.565625 [77, 76]
8.2125 39.303125 [66, 73]
6.3225 43.330625 [72, 65]
1.665 48.91625 [69, 65]
16.245 25.56125 [73, 73]
43.65 14.4125 [78, 76]
75.645 8.91125 [77, 83]

0.1125 50.778125 [66, 67]
2.34 44.585 [70, 66]
62.01 10.0025 [78, 80]
32.5125 18.378125 [77, 74]
31.905 24.97625 [79, 69]
53.64 12.41 [76, 80]
151.785 0.94625 [85, 87]
35.685 16.92125 [75, 77]
211.2525 0.063125 [90, 89]
9.225 32.80625 [73, 69]
142.605 3.15125 [81, 89]
39.2625 15.565625 [77, 76]
8.2125 39.303125 [66, 73]
6.3225 43.330625 [72, 65]
1.665 48.91625 [69, 65]
16.245 25.56125 [73, 73]
43.65 14.4125 [78, 76]
75.645 8.91125 [77, 83]

0.1125 50.778125 [66, 67]
2.34 44.585 [70, 66]
62.01 10.0025 [78, 80]
32.5125 18.378125 [77, 74]
31.905 24.97625 [79, 69]
53.64 12.41 [76, 80]
151.785 0.94625 [85, 87]
35.685 16.92125 [75, 77]
211.2525 0.063125 [90, 89]
9.225 32.80625 [73, 69]
142.605 3.15125 [81, 89]
39.2625 15.565625 [77, 76]
8.2125 39.303125 [66, 73]
6.3225 43.330625 [72, 65]
1.665 48.91625 [69, 65]
16.245 25.56125 [73, 73]
43.65 14.4125 [78, 76]
75.645 8.91125 [77, 83]

0.1125 50.778125 [66, 67]
2.34 44.585 [70, 66]
62.01 10.0025 [78, 80]
32.5125 18.378125 [77, 74]
31.905 24.97625 [79, 69]
53.64 12.41 [76, 80]
151.785 0.94625 [85, 87]
35.685 16.92125 [75, 77]
211.2525 0.063125 [90, 89]
9.225 32.80625 [73, 69]
142.605 3.15125 [81, 89]
39.2625 15.565625 [77, 76]
8.2125 39.303125 [66, 73]
6.3225 43.330625 [72, 65]
1.665 48.91625 [69, 65]
16.245 25.56125 [73, 73]
43.65 14.4125 [78, 76]
75.645 8.91125 [77, 83]

0.1125 50.778125 [66, 67]
2.34 44.585 [70, 66]
62.01 10.0025 [78, 80]
32.5125 18.378125 [77, 74]
31.905 24.97625 [79, 69]
53.64 12.41 [76, 80]
151.785 0.94625 [85, 87]
35.685 16.92125 [75, 77]
211.2525 0.063125 [90, 89]
9.225 32.80625 [73, 69]
142.605 3.15125 [81, 89]
39.2625 15.565625 [77, 76]
8.2125 39.303125 [66, 73]
6.3225 43.330625 [72, 65]
1.665 48.91625 [69, 65]
16.245 25.56125 [73, 73]
43.65 14.4125 [78, 76]
75.645 8.91125 [77, 83]

0.1125 50.778125 [66, 67]
2.34 44.585 [70, 66]
62.01 10.0025 [78, 80]
32.5125 18.378125 [77, 74]
31.905 24.97625 [79, 69]
53.64 12.41 [76, 80]
151.785 0.94625 [85, 87]
35.685 16.92125 [75, 77]
211.2525 0.063125 [90, 89]
9.225 32.80625 [73, 69]
142.605 3.15125 [81, 89]
39.2625 15.565625 [77, 76]
8.2125 39.303125 [66, 73]
6.3225 43.330625 [72, 65]
1.665 48.91625 [69, 65]
16.245 25.56125 [73, 73]
43.65 14.4125 [78, 76]
75.645 8.91125 [77, 83]
195.5925 0.648125 [91, 86]

0.1125 50.778125 [66, 67]
2.34 44.585 [70, 66]
62.01 10.0025 [78, 80]
32.5125 18.378125 [77, 74]
31.905 24.97625 [79, 69]
53.64 12.41 [76, 80]
151.785 0.94625 [85, 87]
35.685 16.92125 [75, 77]
211.2525 0.063125 [90, 89]
9.225 32.80625 [73, 69]
142.605 3.15125 [81, 89]
39.2625 15.565625 [77, 76]
8.2125 39.303125 [66, 73]
6.3225 43.330625 [72, 65]
1.665 48.91625 [69, 65]
16.245 25.56125 [73, 73]
43.65 14.4125 [78, 76]
75.645 8.91125 [77, 83]
195.5925 0.648125 [91, 86]

0.1125 50.778125 [66, 67]
2.34 44.585 [70, 66]
62.01 10.0025 [78, 80]
32.5125 18.378125 [77, 74]
31.905 24.97625 [79, 69]
53.64 12.41 [76, 80]
151.785 0.94625 [85, 87]
35.685 16.92125 [75, 77]
211.2525 0.063125 [90, 89]
9.225 32.80625 [73, 69]
142.605 3.15125 [81, 89]
39.2625 15.565625 [77, 76]
8.2125 39.303125 [66, 73]
6.3225 43.330625 [72, 65]
1.665 48.91625 [69, 65]
16.245 25.56125 [73, 73]
43.65 14.4125 [78, 76]
75.645 8.91125 [77, 83]
195.5925 0.648125 [91, 86]

0.1125 50.778125 [66, 67]
2.34 44.585 [70, 66]
62.01 10.0025 [78, 80]
32.5125 18.378125 [77, 74]
31.905 24.97625 [79, 69]
53.64 12.41 [76, 80]
151.785 0.94625 [85, 87]
35.685 16.92125 [75, 77]
211.2525 0.063125 [90, 89]
9.225 32.80625 [73, 69]
142.605 3.15125 [81, 89]
39.2625 15.565625 [77, 76]
8.2125 39.303125 [66, 73]
6.3225 43.330625 [72, 65]
1.665 48.91625 [69, 65]
16.245 25.56125 [73, 73]
43.65 14.4125 [78, 76]
75.645 8.91125 [77, 83]
195.5925 0.648125 [91, 86]

0.1125 50.778125 [66, 67]
2.34 44.585 [70, 66]
62.01 10.0025 [78, 80]
32.5125 18.378125 [77, 74]
31.905 24.97625 [79, 69]
53.64 12.41 [76, 80]
151.785 0.94625 [85, 87]
35.685 16.92125 [75, 77]
211.2525 0.063125 [90, 89]
9.225 32.80625 [73, 69]
142.605 3.15125 [81, 89]
39.2625 15.565625 [77, 76]
8.2125 39.303125 [66, 73]
6.3225 43.330625 [72, 65]
1.665 48.91625 [69, 65]
16.245 25.56125 [73, 73]
43.65 14.4125 [78, 76]
75.645 8.91125 [77, 83]
195.5925 0.648125 [91, 86]

