
-196.282906326 156.381226008 [45, 58]
-65.7942030658 60.343634445 [62, 61]
-43.3090756277 2.29028462979 [78, 72]
282.726580804 -20.3668314697 [83, 103]
381.126337916 -24.6702188748 [101, 95]
115.679299296 -3.98014427032 [73, 93]
-48.6025214546 49.098920625 [61, 71]

230.625 2.65625 [95, 85]
176.625 133.15625 [77, 39]
21.9825 29.245625 [77, 68]

82.4381855192 -32.5874288834 [95, 85]
-93.7919329413 -9.25871822245 [77, 68]

100.496420497 -20.9315024799 [95, 85]
-86.3404879113 4.29876537637 [77, 68]

264.43358028 8.46202549337 [95, 85]
82.8973671283 33.3018659124 [77, 68]
2.745 58.18625 [63, 67]

258.451466658 10.1629175193 [95, 85]
78.6348974395 34.7373629904 [77, 68]
-0.758207779405 59.3558762144 [63, 67]

240.07756397 -10.1182366309 [95, 85]
62.717595975 14.8610978695 [77, 68]
-15.5908639283 39.885226184 [63, 67]
41.6925 16.173125 [74, 79]
24.9525 20.988125 [75, 74]
154.485 10.62125 [75, 93]

245.226192524 -9.89014958766 [95, 85]
61.6777247895 15.4305894908 [77, 68]
-19.3630985057 40.796734602 [63, 67]
39.9190145584 16.7605487271 [74, 79]
22.5949172178 21.6413576478 [75, 74]
156.647105914 11.1327935813 [75, 93]

242.471113428 -8.35184505102 [95, 85]
64.3997723078 16.1734502028 [77, 68]
-14.2227750106 40.7427250717 [63, 67]
43.2903467718 17.4616291475 [74, 79]
26.483204303 22.1891088426 [75, 74]
156.535246229 12.0106683309 [75, 93]

257.978353748 -11.4800217216 [95, 85]
80.5277583462 13.1638289724 [77, 68]
2.17928438133 37.8518718793 [63, 67]
59.4919189663 14.4582349827 [74, 79]
42.7433651602 19.208567346 [75, 74]
172.342053685 8.98092418526 [75, 93]
252.2925 1.323125 [89, 94]

233.238079128 -11.9398493846 [95, 85]
59.9393044845 12.0809666326 [77, 68]
-16.5760461827 36.1448576152 [63, 67]
39.3956417267 13.3426480561 [74, 79]
23.0389547001 17.9728846672 [75, 74]
149.605416006 8.00381215066 [75, 93]
227.685257594 0.539613977666 [89, 94]

253.091197276 -6.56271480639 [95, 85]
81.9796691384 17.1000373332 [77, 68]
6.43003755214 40.8052223455 [63, 67]
61.6952930066 18.3429116295 [74, 79]
45.5450477545 22.9041280843 [75, 74]
170.514082588 13.0836585444 [75, 93]
247.60845927 5.73072469061 [89, 94]

258.425865134 -2.23061209418 [95, 85]
89.8562431861 21.3094061983 [77, 68]
15.4289209977 44.891637273 [63, 67]
69.8731967297 22.5458339603 [74, 79]
53.9628675651 27.0833923199 [75, 74]
177.075454931 17.3138595434 [75, 93]
253.024574626 9.99906385096 [89, 94]
6.8625 61.465625 [61, 68]

271.229337485 1.62119341658 [95, 85]
100.931660763 25.3651777071 [77, 68]
25.7413630884 49.1517405387 [63, 67]
80.7437624576 26.6123186818 [74, 79]
64.6703320182 31.1891933922 [75, 74]
189.044981266 21.3350110425 [75, 93]
265.772676822 13.9568352122 [89, 94]
17.0871252912 65.8693360533 [61, 68]
42.5025 43.375625 [80, 61]

281.258208013 -0.339941376858 [95, 85]
111.891544571 23.5376521268 [77, 68]
37.1123104341 47.4580637643 [63, 67]
91.8140130165 24.791810859 [74, 79]
75.8284556324 29.3944399931 [75, 74]
199.523151681 19.4848074066 [75, 93]
275.831378782 12.0651140174 [89, 94]
28.5053851455 64.2697304658 [61, 68]
53.7818146156 41.6494455823 [80, 61]

318.85348838 7.1488249867 [95, 85]
147.165132047 31.0577920006 [77, 68]
71.3608176934 55.0096334084 [63, 67]
126.812375952 32.3135986108 [74, 79]
110.607687163 36.922275282 [75, 74]
235.998000817 26.9996221221 [75, 93]
313.352267704 19.5701797677 [89, 94]
62.6359079276 71.8433894799 [61, 68]
88.2588288819 49.1933831029 [80, 61]
41.9625 106.240625 [56, 57]

317.415784934 10.2760048805 [95, 85]
146.8180738 33.8049878322 [77, 68]
71.4953041067 57.3761637771 [63, 67]
126.594607984 35.0408359684 [74, 79]
110.492859001 39.576267163 [75, 74]
235.086634402 29.8113142522 [75, 93]
311.9495106 22.4999476677 [89, 94]
62.8258190718 73.9423817735 [61, 68]
88.2859711797 51.6523508579 [80, 61]
42.2837383556 107.792943685 [56, 57]

288.017170251 5.9902385357 [95, 85]
115.401095593 29.6216957705 [77, 68]
39.1871724973 53.295529759 [63, 67]
94.9383633455 30.8629263175 [74, 79]
78.6461124929 35.4181103871 [75, 74]
282.48622372 18.2674194836 [89, 94]
30.4151176667 69.933897551 [61, 68]
56.176492118 47.5467882813 [80, 61]
9.63000094413 103.931886662 [56, 57]
177.3 7.325 [78, 94]

284.437427421 6.37858228211 [95, 85]
109.823288622 30.1150402274 [77, 68]
32.7271747628 53.8940632173 [63, 67]
89.123696328 31.3617858845 [74, 79]
72.64285955 35.9372098217 [75, 74]
23.8535817167 70.6063596046 [61, 68]
49.9131490136 48.1197785861 [80, 61]
2.82787328528 104.755410623 [56, 57]
172.438684709 7.71927443873 [78, 94]
287.3925 5.598125 [86, 99]

293.131019249 5.71429309926 [95, 85]
117.106203332 29.7394588899 [77, 68]
39.3872434386 53.8077074462 [63, 67]
96.2393826478 31.0013687832 [74, 79]
79.625400069 35.6324438537 [75, 74]
30.4419621847 70.723276415 [61, 68]
9.24639072847 105.287684222 [56, 57]
180.227458263 7.07129216844 [78, 94]
296.109965343 4.92434307225 [86, 99]
45.0 46.25 [60, 80]

317.392240336 8.24178938476 [95, 85]
142.820045256 32.2427618485 [77, 68]
65.7424505015 56.2867736935 [63, 67]
122.125425169 33.5034009992 [74, 79]
105.648547221 38.12981258 [75, 74]
56.8709889637 73.1853086949 [61, 68]
35.8503310763 107.714910165 [56, 57]
205.420400621 9.59742195672 [78, 94]
320.346603083 7.45263483693 [86, 99]
71.3088885533 48.736676854 [60, 80]

342.90370596 12.7243762004 [95, 85]
167.287286169 36.7496761253 [77, 68]
89.7486424546 60.8180590564 [63, 67]
146.468878708 38.0115930639 [74, 79]
129.89344232 42.64269399 [75, 74]
80.824115196 77.733722466 [61, 68]
59.6777196997 112.298323249 [56, 57]
230.262093135 14.0813828458 [78, 94]
345.875740585 11.934421763 [86, 99]
95.3483768292 53.260309415 [60, 80]

164.944593281 35.6782633338 [77, 68]
88.1213308025 59.6027686466 [63, 67]
144.318259055 36.9326366994 [74, 79]
127.895749718 41.5360535151 [75, 74]
79.2791423499 76.4173124517 [61, 68]
58.3278461462 110.77529061 [56, 57]
227.338386793 13.1454781213 [78, 94]
93.6694013266 52.0901982356 [60, 80]
261.54 1.385 [90, 94]

177.787738361 35.8075421137 [77, 68]
101.799832043 59.7432819759 [63, 67]
157.385689524 37.0625045121 [74, 79]
141.14175428 41.6680830157 [75, 74]
93.0537912465 76.5657216109 [61, 68]
72.3303139847 110.939833704 [56, 57]
239.503078002 13.2641758803 [78, 94]
107.287574293 52.2271837868 [60, 80]
273.332791768 1.49817523423 [90, 94]

108.842253525 61.2279276052 [63, 67]
148.074750613 43.1852002906 [75, 74]
79.4547016289 112.332506001 [56, 57]
114.314732234 53.7253318997 [60, 80]
279.898113542 3.08745675002 [90, 94]
80.0325 7.758125 [83, 78]

151.915779058 43.0259510678 [75, 74]
83.8639491308 111.964826963 [56, 57]
282.647557995 3.04907362861 [90, 94]
84.436962952 7.70566314466 [83, 78]
22.185 36.04625 [77, 65]

91.3100218535 112.991125251 [56, 57]
288.442029222 5.23717246202 [90, 94]
91.8782747667 9.84409029996 [83, 78]
30.1435347171 37.8823691028 [77, 65]

299.182335359 8.10098136189 [90, 94]
102.598980759 12.6922782567 [83, 78]
40.8580848959 40.6354860436 [77, 65]

313.816808869 9.96250362879 [90, 94]
115.74987297 14.5660626889 [83, 78]
53.5430290174 42.5838995493 [77, 65]

307.548585985 7.54081953279 [90, 94]
108.7114597 12.1667117269 [83, 78]
103.2525 18.063125 [70, 89]
42.705 23.17625 [69, 81]

296.927406605 6.64156316552 [90, 94]
97.5227454304 11.2770365372 [83, 78]
92.0482043842 17.1856624991 [70, 89]
31.3278854578 22.3093778363 [69, 81]

276.13862072 2.7961246921 [90, 94]
76.2807008676 7.44868150429 [83, 78]
70.7937158633 13.3790829468 [70, 89]
9.9353760333 18.5216810775 [69, 81]

271.462460606 2.37683091307 [90, 94]
71.2262929583 7.03201049291 [83, 78]
65.7289233769 12.9657550575 [70, 89]
4.75540405921 18.1112522049 [69, 81]

262.175333439 -1.33994288871 [90, 94]
62.7396181163 3.32266329534 [83, 78]
57.2642244962 9.2658742127 [70, 89]
-3.46555066745 14.4195801886 [69, 81]

274.276525986 -1.11735832862 [90, 94]
73.6661020124 3.57706396463 [83, 78]
68.1584574375 9.56082942169 [70, 89]
7.07097406627 14.7497026122 [69, 81]
148.6125 2.403125 [82, 89]

270.662135589 -0.787847438573 [90, 94]
69.7702282112 3.89290203333 [83, 78]
64.2548556702 9.85923937017 [70, 89]
3.08165834426 15.0329996177 [69, 81]
144.821786075 2.72238224506 [82, 89]

280.283618947 0.526695358236 [90, 94]
80.1527095782 5.18978439987 [83, 78]
74.6582298028 11.1336107937 [70, 89]
13.7167624751 16.2878504853 [69, 81]
154.919964869 4.02368097339 [82, 89]
4.5 63.125 [62, 66]

286.077668036 0.0773636468791 [90, 94]
85.7716112028 4.73854518783 [83, 78]
80.2723228538 10.6799401778 [70, 89]
19.2775217185 15.8320714568 [69, 81]
160.60430014 3.57291877199 [82, 89]
10.0526930603 62.6500615915 [62, 66]

290.786963722 2.42895500454 [90, 94]
90.3924319983 7.10317468844 [83, 78]
84.8907146217 13.0611888031 [70, 89]
23.8689721723 18.2277314976 [69, 81]
165.258174424 5.93428781092 [82, 89]
14.6400689207 65.1766797688 [62, 66]

295.0307703 2.67868416015 [90, 94]
94.966454061 7.33986327248 [83, 78]
89.4738025618 13.2812551668 [70, 89]
28.5526133765 18.4333837613 [69, 81]
169.708830708 6.17423746397 [82, 89]
19.3389177593 65.2513495025 [62, 66]

290.221734109 0.530067269456 [90, 94]
89.7494761756 5.19930809232 [83, 78]
84.2456248704 11.1509758804 [70, 89]
23.2002141666 16.3120153039 [69, 81]
164.644256472 4.03166628364 [82, 89]
13.967731338 63.2109547382 [62, 66]
238.2525 2.313125 [95, 86]

291.80577774 -0.0605738287416 [90, 94]
89.9718934884 4.64604689697 [83, 78]
84.4306595105 10.6453611382 [70, 89]
22.97062267 15.8477175892 [69, 81]
165.375366134 3.46905745791 [82, 89]
13.6754319549 63.1221094507 [62, 66]
239.483563734 1.73675828329 [95, 86]

287.734329834 -0.363906858686 [90, 94]
86.3441780694 4.33841405817 [83, 78]
80.8151265134 10.3322475296 [70, 89]
19.490209775 15.5298512845 [69, 81]
161.581875922 3.16249987669 [82, 89]
10.2154545685 62.761054867 [62, 66]
235.527146395 1.43178327176 [95, 86]

294.930719849 0.253019074772 [90, 94]
93.4872505735 4.94904631925 [83, 78]
87.9567352157 10.9348575343 [70, 89]
26.6155828675 16.1255047212 [69, 81]
168.744867407 3.77470600284 [82, 89]
17.3383721941 63.2934931964 [62, 66]
176.6925 0.423125 [89, 86]

299.523697616 1.14766436396 [90, 94]
98.5137010347 5.84032905497 [83, 78]
92.9950864221 11.8218541768 [70, 89]
31.7859299864 17.0087846416 [69, 81]
173.609376049 4.66682961573 [82, 89]
22.5286823206 64.1429988487 [62, 66]
181.539906664 1.31764848617 [89, 86]

307.041543345 2.61378424076 [90, 94]
105.862821867 7.31222943418 [83, 78]
100.339575009 13.3011226982 [70, 89]
39.0790404886 18.4944425101 [69, 81]
181.02153111 6.13728445881 [82, 89]
188.958718498 2.78397775225 [89, 86]
36.5625 19.390625 [79, 72]
8.2125 52.803125 [71, 62]

315.103340059 4.47543281932 [90, 94]
114.158995987 9.16649673199 [83, 78]
108.642183827 15.1459814149 [70, 89]
47.4530191072 20.3311424956 [69, 81]
189.230143766 7.99339760102 [82, 89]
197.158084166 4.64535895595 [89, 86]
44.9394104408 21.2259170784 [79, 72]
12.5325 49.383125 [73, 62]

324.540592392 6.30828652861 [90, 94]
124.153288663 10.9812887245 [83, 78]
118.651769727 16.9377509628 [70, 89]
57.6322282599 22.1029479346 [69, 81]
199.016330769 9.81270630543 [82, 89]
206.922294025 6.47755840902 [89, 86]
55.1255875996 22.9942774214 [79, 72]
22.8085127627 51.0430733656 [73, 62]

323.423440956 7.9294922943 [90, 94]
123.803816854 12.5773534869 [83, 78]
118.323374123 18.5017696379 [70, 89]
57.5375972611 23.6391775719 [69, 81]
198.38006019 11.4150581041 [82, 89]
206.255735864 8.09785348289 [89, 86]
55.0405594895 24.5257116582 [79, 72]
22.8472906997 52.4236035708 [73, 62]

328.659636186 7.98571729017 [90, 94]
129.340317754 12.6285228091 [83, 78]
63.1737883671 23.6783144839 [69, 81]
203.804369372 11.4674917038 [82, 89]
211.668196961 8.15389534523 [89, 86]
28.5356695392 52.4314304548 [73, 62]
31.7025 18.175625 [76, 75]

322.846734218 7.60389095525 [90, 94]
123.956211858 12.2451212607 [83, 78]
198.260068804 11.0844840707 [82, 89]
206.106978925 7.77201195076 [89, 86]
23.3684248965 52.0345245551 [73, 62]
26.5284425483 17.7903414278 [76, 75]
96.84 5.21 [80, 84]

121.550843106 12.1708399612 [83, 78]
204.077868735 7.68506480574 [89, 86]
20.5023542257 52.0729090545 [73, 62]
23.6768450679 17.7317617124 [76, 75]
94.3104363413 5.11579838269 [80, 84]
203.625 0.40625 [87, 91]
8.685 41.67125 [73, 65]

199.790531723 6.26165194805 [89, 86]
19.3945813621 16.3134351569 [76, 75]
90.0261862509 3.69108479247 [80, 84]
199.337675724 -1.02084787499 [87, 91]
4.40315790044 40.2650431963 [73, 65]
142.605 3.15125 [89, 81]

15.6853785638 15.5947232797 [76, 75]
86.1980802047 2.97768053273 [80, 84]
195.325551615 -1.73227079721 [87, 91]
0.719192089827 39.5362598212 [73, 65]
138.688381287 2.43807273734 [89, 81]

20.0605696408 16.3662037794 [76, 75]
90.3972897499 3.73852948019 [80, 84]
199.252407114 -0.975390616052 [87, 91]
5.13173491144 40.3279142796 [73, 65]
142.756588567 3.19846699279 [89, 81]
157.86 2.465 [90, 82]

8.93620962053 15.3268710586 [76, 75]
79.8402602138 2.63484566839 [80, 84]
189.573394442 -2.1030967374 [87, 91]
-6.11303992238 39.4106913136 [73, 65]
132.621885041 2.09203100277 [89, 81]
147.847119409 1.35482623531 [90, 82]

9.55457438634 14.6326095799 [76, 75]
80.3408821164 1.95901636911 [80, 84]
189.891794126 -2.77204529054 [87, 91]
-5.46968445835 38.6814537547 [73, 65]
133.034858078 1.41699001402 [89, 81]
148.234809508 0.680855862964 [90, 82]

5.40100274055 13.8377850368 [76, 75]
76.0879806763 1.18287975146 [80, 84]
185.485167059 -3.54120569188 [87, 91]
-9.60217354469 37.8511678393 [73, 65]
128.708014629 0.641652644691 [89, 81]
143.886636962 -0.0933960351871 [90, 82]

4.39584873366 13.6433030126 [76, 75]
75.0038832529 1.00320486576 [80, 84]
184.278894549 -3.7153530619 [87, 91]
-10.590571962 37.6285884507 [73, 65]
127.565151003 0.462611033166 [89, 81]
142.726821808 -0.271577587521 [90, 82]

8.17526262586 14.040319416 [76, 75]
78.8898265039 1.38684267244 [80, 84]
188.329705679 -3.33670949523 [87, 91]
-6.83376872304 38.0509914816 [73, 65]
131.530395685 0.845676661779 [89, 81]
146.71494155 0.11071095745 [90, 82]

5.67007091783 13.779075549 [76, 75]
76.5476947841 1.11772222733 [80, 84]
186.239930255 -3.60877027274 [87, 91]
-9.37356960267 37.8046938573 [73, 65]
129.309647314 0.576219349857 [89, 81]
144.529207068 -0.159203858359 [90, 82]

0.969269028945 12.7656667832 [76, 75]
71.8802615394 0.109147004486 [80, 84]
181.624139277 -4.61554113043 [87, 91]
-14.0814539226 36.7821131763 [73, 65]
124.667053994 -0.432149151206 [89, 81]
139.893779 -1.16729160747 [90, 82]

2.87695455268 12.2101696678 [76, 75]
73.8437573914 -0.490396594027 [80, 84]
183.674008788 -5.23152731348 [87, 91]
-12.1856140347 36.3101966992 [73, 65]
126.672095565 -1.03357653708 [89, 81]
141.91080473 -1.77127739331 [90, 82]

5.81827727343 12.559872111 [76, 75]
76.5883867546 -0.11550135703 [80, 84]
186.114229892 -4.84722758804 [87, 91]
-9.20254352382 36.6120944226 [73, 65]
129.270304591 -0.657603850463 [89, 81]
144.46677777 -1.39384140615 [90, 82]

13.2055044155 13.169919516 [76, 75]
83.7530561464 0.534988282949 [80, 84]
192.934462551 -4.18164083202 [87, 91]
-1.76807892357 37.1454004496 [73, 65]
136.269299955 -0.00538457021185 [89, 81]
151.417983284 -0.739273075408 [90, 82]

16.9157618276 14.6801117906 [76, 75]
87.3817366955 2.08698542741 [80, 84]
196.436892417 -2.61403789892 [87, 91]
1.95949302208 38.5762656711 [73, 65]
139.83725394 1.54840049192 [89, 81]
154.96842026 0.81694018462 [90, 82]

19.8857425475 14.4547845144 [76, 75]
90.2515846166 1.88048526029 [80, 84]
199.151771958 -2.81350989237 [87, 91]
4.9507267376 38.3152129139 [73, 65]
142.632562088 1.34270552575 [89, 81]
157.742226882 0.612338773986 [90, 82]

26.3017375355 15.3760399216 [76, 75]
96.4102209011 2.84738108097 [80, 84]
204.912112561 -1.82957647179 [87, 91]
11.4213456197 39.1498631118 [73, 65]
148.599618196 2.31155330327 [89, 81]
163.654020328 1.58383753347 [90, 82]

31.2388514152 16.1346420728 [76, 75]
101.481059611 3.58873289796 [80, 84]
210.189907637 -1.09466421724 [87, 91]
16.3300766593 39.9411987265 [73, 65]
153.770002894 3.05216735509 [89, 81]
168.853119773 2.32344961529 [90, 82]

29.2527084604 16.1921535356 [76, 75]
99.7159893608 3.63264962909 [80, 84]
208.766975821 -1.05582240944 [87, 91]
14.2970114444 40.0245069446 [73, 65]
152.169501191 3.09550266445 [89, 81]
167.300089036 2.36599528701 [90, 82]

29.2052741597 17.0325629495 [76, 75]
99.8289976033 4.46860539043 [80, 84]
209.128289527 -0.221529199848 [87, 91]
14.2155235198 40.8733674105 [73, 65]
152.401944332 3.93126795124 [89, 81]
167.566984022 3.20150188744 [90, 82]

32.6249623196 17.2844934148 [76, 75]
103.34391908 4.69882077708 [80, 84]
212.790596806 0.000579931952643 [87, 91]
17.6149985897 41.1665034389 [73, 65]
155.987758363 4.16055462377 [89, 81]
171.173247513 3.42952725934 [90, 82]
6.5925 65.898125 [66, 61]

25.6461593739 16.2736586889 [76, 75]
96.4585766425 3.68737157413 [80, 84]
206.04989652 -1.01109865572 [87, 91]
10.6163588294 40.1568347172 [73, 65]
149.171988784 3.14907914076 [89, 81]
164.377546718 2.418016085 [90, 82]
-0.420706834914 64.8896637634 [66, 61]
11.4525 40.113125 [65, 74]

26.0530776939 15.9643944338 [76, 75]
96.7234400973 3.39754090039 [80, 84]
206.094911807 -1.29367475926 [87, 91]
11.0534280238 39.8106941664 [73, 65]
149.331105295 2.86007960568 [89, 81]
164.506159773 2.13014533184 [90, 82]
0.0385035168458 64.5053350289 [66, 61]
11.8878918343 39.7670519383 [65, 74]

26.5571457113 16.5128735963 [76, 75]
97.2951431898 3.95635192107 [80, 84]
206.771288874 -0.731006848338 [87, 91]
11.5431406254 40.3395680566 [73, 65]
149.953156557 3.419332501 [89, 81]
165.142734322 2.68999834375 [90, 82]
0.51767428421 65.0139061817 [66, 61]
12.3784030596 40.295961709 [65, 74]

28.438905122 17.1080531954 [76, 75]
99.165416365 4.57365834521 [80, 84]
208.623785623 -0.105440464131 [87, 91]
13.4273379677 40.892760781 [73, 65]
151.814879274 4.03758524889 [89, 81]
167.001990598 3.30953630819 [90, 82]
2.40366191052 65.5236183326 [66, 61]
14.2624647743 40.8492312756 [65, 74]

31.1489902788 17.5553097826 [76, 75]
101.895257579 5.01895313204 [80, 84]
211.384201877 0.339121981174 [87, 91]
16.1332299389 41.343739993 [73, 65]
154.559427078 4.48279613312 [89, 81]
169.750780623 3.75463324302 [90, 82]
5.10647463497 65.9784526031 [66, 61]
16.9685900218 41.3002036746 [65, 74]

32.5746058809 17.9357025578 [76, 75]
103.326375403 5.4124594746 [80, 84]
212.823835095 0.737523628075 [87, 91]
17.557677705 41.6992490487 [73, 65]
155.994640806 4.87686331892 [89, 81]
171.187175843 4.14946211847 [90, 82]
6.53006480604 66.3081926915 [66, 61]
18.3931027572 41.6557582711 [65, 74]
52.4925 14.373125 [81, 74]

26.1695813875 16.5705087319 [76, 75]
97.0568830045 4.02515014099 [80, 84]
206.764096039 -0.658041440818 [87, 91]
11.1238867829 40.376020622 [73, 65]
149.826039741 3.48860814558 [89, 81]
165.047677599 2.75992238595 [90, 82]
0.0751493877694 65.0284225991 [66, 61]
11.9609121753 40.3324530417 [65, 74]
46.125630226 13.0016398156 [81, 74]

29.4310983315 18.1284847966 [76, 75]
100.304269777 5.59794200767 [80, 84]
209.989614553 0.92028117564 [87, 91]
14.3884028289 41.9058828829 [73, 65]
153.062907883 5.06203365696 [89, 81]
168.281511568 4.33420845974 [90, 82]
3.34186781074 66.5291708969 [66, 61]
15.2252613746 41.8623667549 [65, 74]
49.3831692728 14.5638306387 [81, 74]

27.9295068024 18.1114686432 [76, 75]
98.6662228808 5.59767657142 [80, 84]
208.140385434 0.926268794386 [87, 91]
12.9157736911 41.8570813173 [73, 65]
151.323282362 5.06248461818 [89, 81]
166.512584972 4.33563237115 [90, 82]
1.89050707338 66.447453141 [66, 61]
13.7510209948 41.8136233613 [65, 74]
47.8431631067 14.551579683 [81, 74]

26.8162018786 17.1580747522 [76, 75]
97.5879039773 4.62736906883 [80, 84]
207.116211895 -0.050352571841 [87, 91]
11.7950430513 40.9357819399 [73, 65]
150.271007373 4.09145375142 [89, 81]
165.467822535 3.36361909262 [90, 82]
0.764323392653 65.5593900516 [66, 61]
12.630703464 40.8922652462 [65, 74]
46.7397073761 13.5933742546 [81, 74]
2.8125 46.953125 [65, 70]
13.14 29.285 [74, 70]

25.1482134455 16.6662777065 [76, 75]
96.2194992571 4.08399888641 [80, 84]
206.211451487 -0.612975044102 [87, 91]
10.0634685463 40.5418477739 [73, 65]
149.125615513 3.54587788046 [89, 81]
164.386760318 2.81504764285 [90, 82]
-1.01394525491 65.2668002744 [66, 61]
10.9026663934 40.4981519768 [65, 74]
45.1560571399 13.0869058256 [81, 74]
1.04290148944 46.5839566584 [65, 70]
11.4141188327 28.8431142354 [74, 70]

26.8520044945 17.0501339317 [76, 75]
97.989026998 4.46512440399 [80, 84]
208.08271521 -0.232868901668 [87, 91]
11.7533071079 40.9308856678 [73, 65]
150.94407825 3.92688661068 [89, 81]
166.219338701 3.1958977624 [90, 82]
0.665647360961 65.6612041768 [66, 61]
12.5932811628 40.8871803875 [65, 74]
46.8783542486 13.4699852266 [81, 74]
2.72439656562 46.9743058595 [65, 70]
13.1052066651 29.2296131758 [74, 70]
56.8125 10.953125 [79, 78]

29.2383250607 18.0046163834 [76, 75]
100.364698345 5.43508288531 [80, 84]
210.44190552 0.742866792893 [87, 91]
14.1418879506 41.8560014971 [73, 65]
153.31182222 4.89750697343 [89, 81]
168.584795963 4.16741703627 [90, 82]
3.05588802743 66.5559086551 [66, 61]
14.9817362613 41.812349962 [65, 74]
49.2616768681 14.4288702564 [81, 74]
5.11432903712 47.8919899781 [65, 70]
15.4935851283 30.1691182863 [74, 70]
59.1943354769 11.9151050615 [79, 78]

32.9375735306 17.8417244357 [76, 75]
103.979560937 5.27254751596 [80, 84]
213.926170117 0.580464534474 [87, 91]
17.8590471622 41.6924329225 [73, 65]
156.863867191 4.73498685427 [89, 81]
172.118720746 4.00491762864 [90, 82]
6.78619991073 66.3916393822 [66, 61]
18.6978990586 41.6487826257 [65, 74]
52.9371691976 14.2660797472 [81, 74]
8.84219874119 47.7282501718 [65, 70]
19.2091406569 30.0058812505 [74, 70]
62.8580434839 11.7523858639 [79, 78]

36.1142603409 18.6331636425 [76, 75]
107.145667799 6.08138313898 [80, 84]
217.075903149 1.39579425245 [87, 91]
21.0379795463 42.4508614672 [73, 65]
160.022098243 5.54456649013 [89, 81]
175.274679964 4.81550771954 [90, 82]
9.9667813217 67.1158828981 [66, 61]
21.8767065164 42.4072715848 [65, 74]
56.1108775624 15.0624678384 [81, 74]
12.0224739619 48.4783248212 [65, 70]
22.3878719779 30.7804846107 [74, 70]
66.0302743796 12.5522530425 [79, 78]

39.7583348839 18.9878337421 [76, 75]
110.764044189 6.44399677639 [80, 84]
220.654508345 1.76137321838 [87, 91]
24.6875084731 42.7904582642 [73, 65]
163.621344693 5.9075198581 [89, 81]
178.868408247 5.17892248069 [90, 82]
13.6203156506 67.4398701541 [66, 61]
25.5259320038 42.7468959682 [65, 74]
59.7477176138 15.4193976936 [81, 74]
15.6752645705 48.814107069 [65, 70]
26.0369125329 31.1274671392 [74, 70]
69.6635257344 12.9107715158 [79, 78]
194.445 2.61125 [93, 83]

38.7207732753 18.1156754071 [76, 75]
109.704959386 5.5589929659 [80, 84]
219.56211363 0.871574182437 [87, 91]
23.6545151217 41.9426749297 [73, 65]
162.546237826 5.02196667016 [89, 81]
177.788679703 4.29262317497 [90, 82]
12.5906769779 66.6173289698 [66, 61]
24.49268451 41.8990680238 [65, 74]
58.7040968392 14.5435851133 [81, 74]
14.6450030033 47.9724922325 [65, 70]
25.0035101512 30.2677403564 [74, 70]
68.6168992879 12.032389985 [79, 78]
193.360549891 1.72232127761 [93, 83]

35.8219469019 17.5692108425 [76, 75]
106.894907267 5.00694495797 [80, 84]
216.889451084 0.317441871028 [87, 91]
20.736846582 41.4068052576 [73, 65]
159.802270076 4.4696798686 [89, 81]
175.063774458 3.74001206418 [90, 82]
9.65917177908 66.0924311075 [66, 61]
21.5760642019 41.3631789614 [65, 74]
55.8302620133 13.9955321861 [81, 74]
11.716066986 47.4393037736 [65, 70]
22.0875286919 29.7266793182 [74, 70]
65.7554616127 11.4832204321 [79, 78]
190.655119141 1.16856725865 [93, 83]
80.0325 7.758125 [78, 83]

39.2604847297 17.8708878951 [76, 75]
110.267368494 5.32389470235 [80, 84]
220.159650275 0.640092922456 [87, 91]
24.1894090424 41.6795015328 [73, 65]
163.125543276 4.78728279802 [89, 81]
178.372859022 4.05850209402 [90, 82]
13.1220331646 66.3351156033 [66, 61]
25.0278464408 41.6359282758 [65, 74]
59.2501980909 14.3015539719 [81, 74]
15.1770160741 47.7046659826 [65, 70]
25.5388354218 30.0135758153 [74, 70]
69.1661702224 11.7922965843 [79, 78]
193.949708416 1.49018354647 [93, 83]
83.4299352331 8.07172997163 [78, 83]

39.7250278792 17.7775667688 [76, 75]
110.684737026 5.22546098506 [80, 84]
220.504010022 0.539750671182 [87, 91]
24.6639649144 41.5958818308 [73, 65]
163.507794591 4.68863042457 [89, 81]
178.744980526 3.95955276037 [90, 82]
13.603941834 66.2615424573 [66, 61]
25.5018452829 41.5522908187 [65, 74]
59.7014607381 14.2067784298 [81, 74]
15.657559481 47.6235013868 [65, 70]
26.0124947797 29.9252025356 [74, 70]
69.6108450268 11.6964985816 [79, 78]
194.311481179 1.3901876862 [93, 83]
83.8651336653 7.97441592959 [78, 83]

39.7674201683 18.4272158954 [76, 75]
110.554136563 5.91199823133 [80, 84]
220.105681033 1.24005827965 [87, 91]
24.7430745854 42.1755337097 [73, 65]
163.248416737 5.37674530812 [89, 81]
178.44845592 4.64981025685 [90, 82]
13.7100147473 66.76870691 [66, 61]
25.5789122844 42.1320708028 [65, 74]
59.6951524597 14.8669213867 [81, 74]
15.7586258776 48.1854393016 [65, 70]
26.0883168683 30.5391521986 [74, 70]
69.5803786496 12.3640187471 [79, 78]
193.977006984 2.08799603096 [93, 83]
83.7999167422 8.65287454899 [78, 83]

37.1756531684 17.157077097 [76, 75]
107.895715818 4.6294460686 [80, 84]
217.344105049 -0.0471278010866 [87, 91]
22.1654547157 40.9289499566 [73, 65]
160.540378335 4.09366224855 [89, 81]
175.726104952 3.36600617829 [90, 82]
11.1427837584 65.5465161819 [66, 61]
23.0005053785 40.8854439406 [65, 74]
57.0846212333 13.5932512687 [81, 74]
13.1894658883 46.9448165433 [65, 70]
23.5094303 29.2810267652 [74, 70]
66.9605393584 11.087866096 [79, 78]
191.240034119 0.801650987156 [93, 83]
81.1666881386 7.37304095633 [78, 83]

37.1061284865 17.2520386181 [76, 75]
108.01739805 4.70202199056 [80, 84]
217.761704562 0.0170915602533 [87, 91]
22.055346731 41.0663893904 [73, 65]
160.804396744 4.16528077946 [89, 81]
176.031181243 3.436324462 [90, 82]
11.0028736098 65.7279446962 [66, 61]
22.892655133 41.0228056336 [65, 74]
57.0689247324 13.6818445965 [81, 74]
13.0550893855 47.0930057172 [65, 70]
23.4029560426 29.397652548 [74, 70]
66.9715445282 11.1719825559 [79, 78]
191.587055657 0.867387029637 [93, 83]
81.2161026899 7.45051940258 [78, 83]

34.6289472377 16.84510892 [76, 75]
105.771564661 4.25555606091 [80, 84]
215.87391173 -0.444133273685 [87, 91]
19.5290623401 40.7344818786 [73, 65]
158.730780822 3.71712395764 [89, 81]
174.007242671 2.98587121409 [90, 82]
8.4405305498 65.4737283135 [66, 61]
20.3691024588 40.6907608202 [65, 74]
54.6568720621 13.2636677406 [81, 74]
10.4994416749 46.7800838137 [65, 70]
20.881068224 29.0289850944 [74, 70]
64.591799133 10.7458988988 [79, 78]
189.61386809 0.4088408757 [93, 83]
78.8828301341 7.01271204553 [78, 83]

33.4314670914 16.9200179506 [76, 75]
104.683161293 4.30569824675 [80, 84]
214.954318701 -0.40323656922 [87, 91]
18.3084308555 40.8563873674 [73, 65]
157.723575207 3.76620691092 [89, 81]
173.023459124 3.03351560767 [90, 82]
7.20289798531 65.644302177 [66, 61]
19.1497589346 40.8125802985 [65, 74]
53.4900989885 13.3315311677 [81, 74]
9.26496585947 46.9138825353 [65, 70]
19.6625096523 29.1278629009 [74, 70]
63.4402584177 10.8088092358 [79, 78]
188.654012824 0.451415596742 [93, 83]
77.7532006118 7.06827825676 [78, 83]

35.3818066889 17.5131753169 [76, 75]
106.645194726 4.90956468203 [80, 84]
216.934449847 0.204627569396 [87, 91]
159.694313638 4.37053135346 [89, 81]
174.996708574 3.63846207676 [90, 82]
9.14893294738 66.1960945125 [66, 61]
55.4437306108 13.9277350203 [81, 74]
21.6105894871 29.7106562795 [74, 70]
65.3955230612 11.4071547817 [79, 78]
190.629827561 1.05855416876 [93, 83]
79.7108142969 7.66979936858 [78, 83]
9.5625 30.640625 [72, 71]

37.0196064918 17.3773918772 [76, 75]
108.116797648 4.7872115358 [80, 84]
218.14884173 0.0872879615988 [87, 91]
176.308905543 3.51746340597 [90, 82]
10.8479117356 66.0084349945 [66, 61]
57.0347430062 13.7957721933 [81, 74]
23.2805058283 29.5618753144 [74, 70]
66.9633263881 11.2778778622 [79, 78]
191.905565758 0.940304624503 [93, 83]
81.2452322234 7.54450494124 [78, 83]
11.260514288 30.4908530686 [72, 71]
131.3325 2.583125 [82, 87]

34.0559075187 17.1903519011 [76, 75]
105.21280849 4.58586670495 [80, 84]
215.337261188 -0.119396882063 [87, 91]
7.86223289203 65.876649192 [66, 61]
54.0878534187 13.6046628117 [81, 74]
20.3052682959 29.3886792438 [74, 70]
64.0247751592 11.0839076707 [79, 78]
189.071945229 0.734588971049 [93, 83]
78.3186754199 7.34629292348 [78, 83]
8.27518196194 30.3187124946 [72, 71]
128.44800817 2.37927590495 [82, 87]

34.0666317509 17.645454672 [76, 75]
105.272068224 5.04519121335 [80, 84]
215.471635849 0.34150360407 [87, 91]
7.85509064742 66.3154450081 [66, 61]
54.1122412663 14.0609665708 [81, 74]
20.3066133371 29.8396963153 [74, 70]
64.0559408944 11.5410557297 [79, 78]
189.188404547 1.19520342375 [93, 83]
78.3595908996 7.80469285663 [78, 83]
8.26832138628 30.7694180614 [72, 71]
128.52311643 2.83933948735 [82, 87]
27.3825 21.595625 [72, 77]

33.3205620488 17.4610590399 [76, 75]
104.601757446 4.85908499023 [80, 84]
214.918571747 0.154758816062 [87, 91]
7.08113321288 66.1376567337 [66, 61]
53.3874990625 13.8760843145 [81, 74]
19.5459036827 29.6569561534 [74, 70]
63.3417782759 11.3558313745 [79, 78]
188.607376438 1.00857453262 [93, 83]
77.6606466296 7.6189612589 [78, 83]
7.49480360801 30.586804117 [72, 71]
127.877543573 2.65293380143 [82, 87]
26.6293187253 21.4117656365 [72, 77]

35.0784943036 18.0703114709 [76, 75]
106.184071849 5.49957031299 [80, 84]
216.229094946 0.806903400243 [87, 91]
8.9037124211 66.6262684702 [66, 61]
55.0959917373 14.4942217922 [81, 74]
21.3377730214 30.235982119 [74, 70]
65.0257462619 11.9802150789 [79, 78]
189.982723404 1.65860300915 [93, 83]
79.3093367435 8.25260646945 [78, 83]
9.31636364272 31.1635255356 [72, 71]
129.402512648 3.29888687716 [82, 87]
28.4037364188 22.0112265865 [72, 77]

38.6471587384 18.8327307469 [76, 75]
109.597403033 6.29626826153 [80, 84]
219.402027954 1.61639760246 [87, 91]
12.5295568143 67.2562823667 [66, 61]
58.6209270715 15.2663925701 [81, 74]
24.9364546642 30.9652272936 [74, 70]
68.5289896121 12.7592412055 [79, 78]
193.212992761 2.46577474432 [93, 83]
82.7813769641 9.04179726914 [78, 83]
12.9413065812 31.8902414276 [72, 71]
132.76512213 4.10158578508 [82, 87]
31.9869821548 22.7628995319 [72, 77]

43.4184185437 19.2598940108 [76, 75]
114.322189792 6.73573215258 [80, 84]
224.054891698 2.06045332664 [87, 91]
17.3179238831 67.6359330208 [66, 61]
63.3791038793 15.6970550825 [81, 74]
29.7166951036 31.380486297 [74, 70]
73.28067655 13.1923637047 [79, 78]
197.883010558 2.90899706981 [93, 83]
87.5237284605 9.47856727996 [78, 83]
17.7294039502 32.3045928182 [72, 71]
137.474733825 4.54320307233 [82, 87]
36.7626044355 23.1862065612 [72, 77]

44.3678994364 19.499968356 [76, 75]
115.309059981 6.98289352821 [80, 84]
225.099626629 2.31026029594 [87, 91]
18.2536413454 67.8486328827 [66, 61]
64.3391105305 15.9391455265 [81, 74]
30.6589507418 31.6137019791 [74, 70]
74.2459045432 13.4358714751 [79, 78]
198.913944415 3.15832387481 [93, 83]
88.496467164 9.72417657121 [78, 83]
18.665338396 32.5372855775 [72, 71]
138.473812918 4.79160513141 [82, 87]
37.7085755543 23.4240591293 [72, 77]

42.8737636321 19.8893737747 [76, 75]
113.844818232 7.38840390246 [80, 84]
223.681649775 2.72178266197 [87, 91]
16.7485011949 68.1758310277 [66, 61]
62.8533904399 16.3331324384 [81, 74]
29.1590380927 31.9875213966 [74, 70]
72.7643590988 13.8330791967 [79, 78]
197.484933117 3.56875508923 [93, 83]
87.0209267963 10.126159904 [78, 83]
17.1603717316 32.9099166763 [72, 71]
137.019332617 5.1999349026 [82, 87]
36.2116335625 23.80841566 [72, 77]

42.5750344502 19.3656163197 [76, 75]
113.501148737 6.84872161891 [80, 84]
223.268429368 2.17615562818 [87, 91]
16.4663150598 67.7135850848 [66, 61]
62.5420097525 15.8048447322 [81, 74]
28.8689933535 31.4791756201 [74, 70]
72.4467025848 13.3016067042 [79, 78]
197.088301003 3.02420700299 [93, 83]
86.6942427341 9.58996521347 [78, 83]
16.8779247916 32.4027459276 [72, 71]
136.660988548 4.65746475585 [82, 87]
35.9171229766 23.2896506234 [72, 77]

43.9218895366 20.0310223873 [76, 75]
114.917241424 7.51375231402 [80, 84]
224.791676143 2.84104619648 [87, 91]
17.7876829883 68.3804410723 [66, 61]
63.9083564673 16.4701440149 [81, 74]
30.2024686939 32.1449449644 [74, 70]
73.8227181948 13.9668309166 [79, 78]
198.585990911 3.68912300373 [93, 83]
88.0841666979 10.2550781165 [78, 83]
18.1996945308 33.0685429691 [72, 71]
138.099689717 5.32242973678 [82, 87]
37.2574786543 23.9551743698 [72, 77]

47.8122273416 20.4922526151 [76, 75]
118.649913973 7.99425107115 [80, 84]
228.280341438 3.32873790976 [87, 91]
21.7360591895 68.7672443535 [66, 61]
67.7543086704 16.9368557006 [81, 74]
34.1232743527 32.5875275581 [74, 70]
77.6466527539 14.4373960912 [79, 78]
202.132853341 4.17550922526 [93, 83]
91.8764296776 10.7313569985 [78, 83]
22.1471557439 33.5097038171 [72, 71]
141.780879083 5.80630171851 [82, 87]
41.1626166683 24.4103639325 [72, 77]

44.1378973857 19.9687147337 [76, 75]
115.130855825 7.45554468416 [80, 84]
18.0045718929 68.3022965975 [66, 61]
64.1236905179 16.4090027247 [81, 74]
30.4189390622 32.0786694032 [74, 70]
74.0377180051 13.9065095849 [79, 78]
198.79678461 3.63216812875 [93, 83]
88.2986857158 10.1959725671 [78, 83]
18.4165695454 33.0019648839 [72, 71]
138.312522575 5.26493987323 [82, 87]
37.4737111788 23.8915813627 [72, 77]
212.13 2.5325 [94, 84]
17.1225 55.030625 [73, 60]

45.8218037699 19.8732061796 [76, 75]
116.682200588 7.37910145734 [80, 84]
65.7702784242 16.3189178221 [81, 74]
32.1284621752 31.9647098692 [74, 70]
75.6657939408 13.8202375332 [79, 78]
200.191904144 3.5615502783 [93, 83]
89.9001328555 10.1153539671 [78, 83]
20.1485040862 32.8865985977 [72, 71]
139.820581363 5.19183429765 [82, 87]
39.1700612666 23.7900958471 [72, 77]
213.500223083 2.46355762689 [94, 84]
18.8568508926 54.8816953871 [73, 60]
113.7825 7.195625 [88, 77]
15.3 74.825 [58, 66]

48.1817324855 20.2836376463 [76, 75]
68.1019035233 16.7343645619 [81, 74]
34.5078194986 32.3580796386 [74, 70]
77.983378925 14.2392100319 [79, 78]
202.332806984 3.99499828154 [93, 83]
92.1975216454 10.5395542359 [78, 83]
22.544859007 33.2786675375 [72, 71]
142.047141217 5.62298189118 [82, 87]
41.5394277148 24.1950003928 [72, 77]
215.6222436 2.89855495094 [94, 84]
116.046003625 7.6239451478 [88, 77]
2.8125 46.953125 [65, 70]

47.2703376482 20.2843442262 [76, 75]
33.6052093269 32.353952966 [74, 70]
201.322379364 4.002225006 [93, 83]
91.2578493141 10.5441612541 [78, 83]
21.649934317 33.2741723647 [72, 71]
141.075443507 5.62955695357 [82, 87]
40.6323001583 24.1941413017 [72, 77]
214.603278317 2.90622056834 [94, 84]
115.09101008 7.62971924889 [88, 77]
1.93025216244 46.9431561079 [65, 70]
55.665 12.91625 [81, 75]

49.9336663217 20.785694343 [76, 75]
36.2887805491 32.8328173404 [74, 70]
203.757506306 4.53390879347 [93, 83]
93.8560180181 11.0636573811 [78, 83]
24.3512152329 33.7513223657 [72, 71]
143.599815972 6.15820901337 [82, 87]
43.3054619482 24.6882074467 [72, 77]
217.01873188 3.43994621765 [94, 84]
117.653874035 8.15464499618 [88, 77]
4.66074441217 47.3948407229 [65, 70]
58.3158934181 13.4313269137 [81, 75]

51.2632072394 21.0738730677 [76, 75]
37.6319101617 33.1098242706 [74, 70]
204.933856843 4.83715846984 [93, 83]
95.1418174601 11.3608517521 [78, 83]
25.7062332508 34.0274775283 [72, 71]
144.836076466 6.45995240908 [82, 87]
44.6416037747 24.9727672099 [72, 77]
218.181875803 3.74421037068 [94, 84]
118.915973623 8.4545370144 [88, 77]
6.03537181388 47.6583436876 [65, 70]
59.6370866274 13.7263256469 [81, 75]

51.9995268369 21.0624554031 [76, 75]
38.3843885223 33.0878609385 [74, 70]
205.488012732 4.83996710047 [93, 83]
95.8261226332 11.3579444489 [78, 83]
26.4728485045 34.0047101661 [72, 71]
145.461473249 6.46133917906 [82, 87]
45.3857727296 24.9579334097 [72, 77]
218.720327272 3.74797662128 [94, 84]
119.572096521 8.45417616793 [88, 77]
6.82530522943 47.6236332242 [65, 70]
60.3634796909 13.7213457612 [81, 75]

52.8786179641 20.7658585689 [76, 75]
39.2729425166 32.7887357884 [74, 70]
206.260425461 4.5467810098 [93, 83]
96.6747531628 11.0633879674 [78, 83]
27.3696813218 33.7053922504 [72, 71]
146.275605949 6.16781219837 [82, 87]
46.2694605839 24.6605175595 [72, 77]
219.483543207 3.45502011928 [94, 84]
120.404222996 8.16023019751 [88, 77]
7.7357935885 47.3214519591 [65, 70]
61.2367576584 13.4262923797 [81, 75]
78.9525 11.988125 [74, 85]

51.1727351111 20.2683072886 [76, 75]
37.5802210555 32.2905408632 [74, 70]
204.406169374 4.05009801812 [93, 83]
94.926504306 10.566356109 [78, 83]
25.6884744294 33.207148252 [72, 71]
144.479375919 5.67104242476 [82, 87]
44.569971071 24.1627577786 [72, 77]
217.616495793 2.95839557504 [94, 84]
118.633019538 7.66335375977 [88, 77]
6.07357945325 46.8224790246 [65, 70]
59.5227895947 12.9291340232 [81, 75]
77.2213946889 11.4910436358 [74, 85]

52.9775820886 20.463933032 [76, 75]
39.4064950614 32.4842771714 [74, 70]
205.969461542 4.24827264352 [93, 83]
96.6623785204 10.763506628 [78, 83]
27.5334944002 33.4007405046 [72, 71]
146.137135756 5.86896229971 [82, 87]
46.3852265434 24.3577714634 [72, 77]
219.158963408 3.1567417743 [94, 84]
120.33152317 7.86096051961 [88, 77]
7.94952004027 47.0139314682 [65, 70]
61.3144736759 13.1259132038 [81, 75]
78.9851789635 11.6880488293 [74, 85]

53.2496966204 20.7579222244 [76, 75]
39.6976940197 32.7602845154 [74, 70]
206.026430282 4.56651967283 [93, 83]
96.8730610326 11.072007185 [78, 83]
27.8413898403 33.6753768641 [72, 71]
146.278244079 6.18478485636 [82, 87]
46.6666116167 24.6459356634 [72, 77]
219.197384328 3.47662168054 [94, 84]
120.508920798 8.17380314409 [88, 77]
8.2849555675 47.2682031581 [65, 70]
61.5748644015 13.4308797159 [81, 75]
79.2207201487 11.9951663163 [74, 85]

53.9093429191 21.6103395594 [76, 75]
40.3542897385 33.6023269424 [74, 70]
206.720466894 5.43293294514 [93, 83]
97.542527028 11.9327970782 [78, 83]
28.4953166841 34.5166282803 [72, 71]
146.958831269 7.04979929135 [82, 87]
47.3247760512 25.4949921782 [72, 77]
219.894385745 4.34397706666 [94, 84]
121.183707268 9.03709826074 [88, 77]
8.9344802232 48.0977048605 [65, 70]
62.2363847103 14.2896305867 [81, 75]
79.8862125709 12.8551582257 [74, 85]

53.88596871 21.3035212081 [76, 75]
40.3117568629 33.3268018444 [74, 70]
206.913075413 5.08389943245 [93, 83]
97.5808238142 11.6007250489 [78, 83]
28.4360223759 34.2434890641 [72, 71]
147.066972893 6.70498501327 [82, 87]
47.2920952374 25.1983108805 [72, 77]
220.105614236 3.99210190888 [94, 84]
121.255418418 8.6974698662 [88, 77]
8.8475386947 47.8600056473 [65, 70]
62.2247799139 13.9637087463 [81, 75]
79.8995539817 12.5254931103 [74, 85]

56.3319958367 21.5710808676 [76, 75]
42.7666462927 33.5853200637 [74, 70]
209.259194521 5.36365615736 [93, 83]
99.9983235351 11.8755811572 [78, 83]
30.8986652105 34.5013179396 [72, 71]
149.4521642 6.98352269082 [82, 87]
49.7424273585 25.4629416798 [72, 77]
222.443120228 4.27267965945 [94, 84]
123.657461519 8.97450920623 [88, 77]
11.3229704176 48.1075949781 [65, 70]
64.665362815 14.236787904 [81, 75]
82.3285974132 12.7996537981 [74, 85]

56.6663011248 21.7343652356 [76, 75]
43.0990262211 33.7536905183 [74, 70]
209.615205101 5.52007930315 [93, 83]
100.338826481 12.0347610497 [78, 83]
31.2293606903 34.6700761711 [72, 71]
149.799686238 7.14063158803 [82, 87]
50.0757973747 25.6278736213 [72, 77]
222.801002031 4.4286409532 [94, 84]
124.001322458 9.13246096411 [88, 77]
11.6508874763 48.2821132666 [65, 70]
65.0008508761 14.3969673855 [81, 75]
82.6665924558 12.9592248858 [74, 85]

57.1132214418 22.1720428737 [76, 75]
43.5383103692 34.2003236329 [74, 70]
210.148210772 5.94567584254 [93, 83]
100.810327325 12.4652116118 [78, 83]
31.6619641476 35.1173920753 [72, 71]
150.299025501 7.56743558436 [82, 87]
50.5190083102 26.0684522727 [72, 77]
223.34142916 4.85342427303 [94, 84]
124.486141439 9.56074905215 [88, 77]
12.0724714378 48.7395713605 [65, 70]
65.4524621889 14.8291780035 [81, 75]
83.1281467075 13.3903642566 [74, 85]

56.6107261203 22.1082615093 [76, 75]
43.0433012064 34.1249107443 [74, 70]
209.561321217 5.8975856134 [93, 83]
100.283734353 12.4108168958 [78, 83]
31.1735044355 35.041092368 [72, 71]
149.745140988 7.51777708973 [82, 87]
50.0201495006 26.0009030231 [72, 77]
222.74726394 4.80639026721 [94, 84]
123.946491961 9.50916299411 [88, 77]
11.5948147468 48.6500988058 [65, 70]
64.9453680248 14.7724972973 [81, 75]
82.6113049306 13.3350749044 [74, 85]

59.0140427157 22.5165912718 [76, 75]
45.4539031886 34.5252280497 [74, 70]
211.882506955 6.31672432442 [93, 83]
102.663599574 12.8256127169 [78, 83]
33.5904802183 35.4407987822 [72, 71]
152.098446601 7.93583549006 [82, 87]
52.42700508 26.4066372515 [72, 77]
225.061369137 5.22625656506 [94, 84]
126.31365084 9.92589357888 [88, 77]
14.0223038236 49.0407310116 [65, 70]
67.3442091142 15.1857183979 [81, 75]
85.000659829 13.749254449 [74, 85]

59.9064735319 22.7307380879 [76, 75]
46.3629237591 34.7382802144 [74, 70]
212.587915341 6.53234784497 [93, 83]
103.502628623 13.0406429175 [78, 83]
34.514014745 35.6537674878 [72, 71]
152.876996039 8.15131141998 [82, 87]
53.3274946139 26.6204294691 [72, 77]
225.750654231 5.44197948758 [94, 84]
127.123745929 10.1411881044 [88, 77]
14.9697784607 49.2524600107 [65, 70]
68.2264486332 15.4005334623 [81, 75]
85.8612980822 13.9642004547 [74, 85]

59.8220081303 22.728644789 [76, 75]
212.397047723 6.5461785573 [93, 83]
103.387781483 13.0480755765 [78, 83]
34.4472451017 35.6389700583 [72, 71]
152.727740382 8.16355059181 [82, 87]
225.550613628 5.45688209888 [94, 84]
126.992437462 10.1514711054 [88, 77]
14.9166290062 49.2242942323 [65, 70]
68.1361851216 15.4056462042 [81, 75]
85.758745015 13.9707252001 [74, 85]
42.705 23.17625 [69, 81]
2.34 44.585 [70, 66]

60.9300618342 22.2306637528 [76, 75]
213.577364032 6.02214298387 [93, 83]
104.516468813 12.5345083653 [78, 83]
35.5432808079 35.1617752574 [72, 71]
153.879796107 7.64211906398 [82, 87]
226.73715973 4.93109270655 [94, 84]
128.132304431 9.63324022373 [88, 77]
69.2481765869 14.8958747934 [81, 75]
86.8790828788 13.4586434985 [74, 85]
43.8049467449 22.6789896294 [69, 81]
3.42082906963 44.1222087311 [70, 66]

61.4491520596 22.203841764 [76, 75]
213.90303018 6.00922793133 [93, 83]
104.980329366 12.516005693 [78, 83]
36.0945394018 35.1238583546 [72, 71]
154.281106875 7.62781406941 [82, 87]
227.046150698 4.91911377686 [94, 84]
128.566240634 9.61722684408 [88, 77]
69.7567266739 14.875346065 [81, 75]
87.3652923039 13.4393479168 [74, 85]
44.3457367286 22.6517829763 [69, 81]
4.01279100708 44.0766037622 [70, 66]

60.542954627 21.6418731518 [76, 75]
212.972365566 5.44104087448 [93, 83]
104.067145655 11.9503171235 [78, 83]
35.1924111075 34.5668507998 [72, 71]
153.360010928 7.06024852095 [82, 87]
226.113376757 4.3505081355 [94, 84]
127.649271642 9.05042519487 [88, 77]
68.8491959664 14.3105634403 [81, 75]
86.4549356141 12.8740138943 [74, 85]
43.4422842073 22.0899863656 [69, 81]
3.11581148285 43.523033903 [70, 66]

63.3501337996 21.7541514579 [76, 75]
215.515943288 5.57147722091 [93, 83]
106.799056939 12.0734578139 [78, 83]
38.0434298515 34.6646426733 [72, 71]
156.006678356 7.18887004471 [82, 87]
228.634229274 4.48216676095 [94, 84]
130.340401541 9.17681611049 [88, 77]
71.6420108687 14.4310587451 [81, 75]
89.217304302 12.9961192969 [74, 85]
46.2790361605 22.2017624223 [69, 81]
6.02230139965 43.610787605 [70, 66]

61.1371138945 21.4487008763 [76, 75]
213.969567095 5.20458771346 [93, 83]
104.77638828 11.7312536395 [78, 83]
35.7195403948 34.408207891 [72, 71]
154.19959 6.82812110935 [82, 87]
128.420868332 8.82361458473 [88, 77]
69.4653179658 14.0978054071 [81, 75]
87.1176093719 12.6574180868 [74, 85]
43.991227182 21.8980112346 [69, 81]
3.55812626377 43.3883176376 [70, 66]
220.905 0.22625 [89, 91]

63.5189745683 21.5875517901 [76, 75]
216.185313905 5.35939870672 [93, 83]
107.110817349 11.8796520877 [78, 83]
38.1290274742 34.534325899 [72, 71]
156.480300904 6.98133695723 [82, 87]
130.729598174 8.974869831 [88, 77]
71.8381266999 14.2438786835 [81, 75]
89.4712317993 12.8049065649 [74, 85]
46.3917237504 22.0364206943 [69, 81]
6.00256964106 43.505612556 [70, 66]
223.113208676 0.385952283102 [89, 91]

60.2637470942 21.3009770114 [76, 75]
212.935932577 5.08591255684 [93, 83]
103.857259165 11.600907103 [78, 83]
34.8728277272 34.2373090496 [72, 71]
153.228633255 6.70654265184 [82, 87]
127.476944438 8.69846766477 [88, 77]
68.5832177962 13.9632268592 [81, 75]
86.216998131 12.5254153269 [74, 85]
43.1358404118 21.7494838856 [69, 81]
2.74513965566 43.2013600193 [70, 66]
219.864092642 0.116477408809 [89, 91]

61.0394367004 21.6341740536 [76, 75]
104.578537434 11.9464842158 [78, 83]
35.6802090647 34.5539956228 [72, 71]
153.888288536 7.05836637702 [82, 87]
128.168741746 9.04774912248 [88, 77]
69.348523437 14.3057889746 [81, 75]
86.9602941304 12.8698125021 [74, 85]
43.9329082521 22.0821085044 [69, 81]
3.59262123702 43.5066058932 [70, 66]
220.44057673 0.476711946842 [89, 91]
160.2225 0.805625 [85, 88]
184.725 0.18125 [89, 87]

62.3653585599 21.661517186 [76, 75]
105.908406531 11.9687357054 [78, 83]
37.0038318663 34.5881291376 [72, 71]
155.222628037 7.07804877624 [82, 87]
129.500749522 9.06847709878 [88, 77]
70.6751985951 14.3292804644 [81, 75]
88.2885659649 12.8925492733 [74, 85]
45.2572792403 22.1096870616 [69, 81]
4.91333499027 43.5454447087 [70, 66]
161.557413758 0.822021091874 [85, 88]
186.062135145 0.197317933708 [89, 87]

64.2096155187 21.8051306784 [76, 75]
107.693379348 12.1160347979 [78, 83]
38.8826187081 34.7268273925 [72, 71]
156.940459222 7.22720751207 [82, 87]
131.253601211 9.21687899068 [88, 77]
72.5081416529 14.4756819792 [81, 75]
90.0975283089 13.0394970933 [74, 85]
47.12482896 22.2531301411 [69, 81]
6.83581325152 43.6807370183 [70, 66]
163.266620091 0.973558630582 [85, 88]
187.737978141 0.349093010633 [89, 87]

63.3634829482 22.1860053946 [76, 75]
106.901949658 12.4963857736 [78, 83]
38.0046245979 35.1084005861 [72, 71]
156.210982703 7.60729422413 [82, 87]
130.491810445 9.59707325367 [88, 77]
71.6724486865 14.8561605048 [81, 75]
89.2839629143 13.4198979865 [74, 85]
46.2572036081 22.6340290738 [69, 81]
5.91750403507 44.0627942122 [70, 66]
162.545101927 1.353307304 [85, 88]
187.047245118 0.728807928801 [89, 87]

65.24152162 22.3609401678 [76, 75]
108.726337068 12.6740585124 [78, 83]
39.9139122974 35.2796839183 [72, 71]
157.97460794 7.78634845828 [82, 87]
132.287128715 9.77556524216 [88, 77]
73.540248447 15.0331664494 [81, 75]
91.1300604875 13.5973097713 [74, 85]
48.1563218801 22.8088372503 [69, 81]
7.86633181585 44.2315473293 [70, 66]
164.300921802 1.53412870776 [85, 88]
188.772871672 0.9098057954 [89, 87]
240.21 0.5525 [92, 90]

65.4016024078 22.6211894248 [76, 75]
108.913873575 12.9342351479 [78, 83]
40.0580015778 35.540030026 [72, 71]
158.193239135 8.04648845102 [82, 87]
132.489541185 10.0357201479 [88, 77]
73.7055689378 15.2933607709 [81, 75]
91.3064869459 13.8574933283 [74, 85]
48.3056153056 23.0690898652 [69, 81]
7.99018669061 44.4919605482 [70, 66]
164.523547345 1.7942218282 [85, 88]
189.01094847 1.16989423535 [89, 87]
240.480553501 0.81258576126 [92, 90]

62.1371957199 22.4895161544 [76, 75]
105.610633614 12.8175118688 [78, 83]
36.8162132218 35.3884189557 [72, 71]
154.846018957 7.93730848936 [82, 87]
129.165260714 9.92347018136 [88, 77]
70.4337512323 15.1729966253 [81, 75]
88.0189609988 13.7393451739 [74, 85]
45.056466225 22.9367253447 [69, 81]
4.77701780682 44.3265338574 [70, 66]
161.170677575 1.69469106374 [85, 88]
185.636224498 1.07132700307 [89, 87]
237.059894596 0.714569967388 [92, 90]

59.6257976408 22.0407980912 [76, 75]
103.124114544 12.3637205894 [78, 83]
34.2903244331 34.9464667003 [72, 71]
152.387676348 7.48095741726 [82, 87]
126.692221503 9.46816090238 [88, 77]
67.9271011119 14.7204408585 [81, 75]
85.5223745546 13.28603742 [74, 85]
42.5352931741 22.4882418542 [69, 81]
2.2327936049 43.8892698742 [70, 66]
158.715954447 1.23506557752 [85, 88]
183.19550253 0.611374546287 [89, 87]
234.648601401 0.254430382321 [92, 90]

58.8404934626 21.6566828321 [76, 75]
102.394558687 11.9640614224 [78, 83]
33.4725498007 34.5830813077 [72, 71]
151.721257667 7.07345526035 [82, 87]
125.992871008 9.06385071205 [88, 77]
67.1524360518 14.3245671983 [81, 75]
84.7702599522 12.8878597341 [74, 85]
41.7280854602 22.1048453064 [69, 81]
1.37393339357 43.5402489536 [70, 66]
158.057646214 0.817530890874 [85, 88]
182.568567781 0.19283804934 [89, 87]
234.087609983 -0.164679459959 [92, 90]

59.137320491 21.6730834886 [76, 75]
102.64899863 11.9833817295 [78, 83]
33.7940650687 34.5955882221 [72, 71]
151.927692562 7.09424873558 [82, 87]
126.224344927 9.08404463231 [88, 77]
67.4411738463 14.3431764643 [81, 75]
85.0418519716 12.9069017709 [74, 85]
42.0415663899 22.1211109656 [69, 81]
1.72668723358 43.5500577538 [70, 66]
158.257914496 0.840208800945 [85, 88]
182.744981883 0.215704131916 [89, 87]
234.213885434 -0.141705684514 [92, 90]

60.1489193957 21.8179158199 [76, 75]
103.631962917 12.1413085302 [78, 83]
34.8223421263 34.7229573386 [72, 71]
152.878227014 7.25878261301 [82, 87]
127.191794506 9.24588953931 [88, 77]
68.4473080649 14.4979142856 [81, 75]
86.036403353 13.0635805451 [74, 85]
43.0644158461 22.2653378415 [69, 81]
2.77606752446 43.6653259791 [70, 66]
159.20428309 1.01319426303 [85, 88]
183.675235773 0.389533537133 [89, 87]
235.110268134 0.0326067171915 [92, 90]

62.1617223064 21.8674364473 [76, 75]
105.595492595 12.1983922748 [78, 83]
36.8638440943 34.7623915445 [72, 71]
154.785952808 7.31968247966 [82, 87]
129.128627131 9.30523630766 [88, 77]
70.4507075759 14.5531561361 [81, 75]
88.0198716097 13.1199434532 [74, 85]
45.0965782281 22.3145087694 [69, 81]
4.85388304005 43.6977709397 [70, 66]
161.104840453 1.07897560462 [85, 88]
185.548063638 0.455802324275 [89, 87]
236.924811891 0.0991544739402 [92, 90]
20.3625 42.340625 [76, 63]

62.3671686678 21.8775126196 [76, 75]
105.782528805 12.2108200258 [78, 83]
154.952138796 7.33329676683 [82, 87]
129.305688417 9.31836769434 [88, 77]
70.6526405083 14.5650111922 [81, 75]
88.2143575496 13.1321470766 [74, 85]
45.3092579445 22.3244762106 [69, 81]
5.08362031506 43.7025378229 [70, 66]
161.268348071 1.09410767509 [85, 88]
185.701210575 0.471085954809 [89, 87]
237.05618191 0.114524843711 [92, 90]
20.5856636809 42.3457219505 [76, 63]
23.4 22.85 [76, 72]

