0.0 0.0
0.4 0.2
0.666666666667 0.166666666667
0.705882352941 0.0
0.592592592593 0.037037037037
0.866666666667 0.0333333333333
0.810810810811 0.0
0.878048780488 0.0487804878049
0.918918918919 0.243243243243
0.944444444444 0.166666666667
0.825 0.075
0.886363636364 0.0227272727273
0.934782608696 0.0217391304348
0.958333333333 0.0
0.959183673469 0.0204081632653
0.914893617021 0.148936170213
0.918367346939 0.0408163265306
0.960784313725 0.0
0.890909090909 0.0363636363636
0.982142857143 0.0
0.982456140351 0.0
0.966101694915 0.0
0.951612903226 0.0
0.953846153846 0.0
0.984848484848 0.0
0.985074626866 0.0
0.985294117647 0.0
0.957746478873 0.0
0.946666666667 0.0
0.961038961039 0.012987012987
0.960526315789 0.0526315789474
0.962025316456 0.0
0.9875 0.0
0.987654320988 0.0
0.975609756098 0.0853658536585
0.962025316456 0.0759493670886
0.963414634146 0.0
1.0 0.0
0.987951807229 0.0
0.96511627907 0.0
1.0 0.0
0.966292134831 0.0
0.978021978022 0.0
0.989130434783 0.0
0.989247311828 0.0
0.958762886598 0.0
0.989795918367 0.0
1.0 0.0
0.960396039604 0.00990099009901
0.980582524272 0.0
0.971698113208 0.0
0.971698113208 0.0283018867925
0.990566037736 0.00943396226415
0.97247706422 0.0
0.990909090909 0.0
1.0 0.0
0.981981981982 0.00900900900901
0.963636363636 0.0454545454545
1.0 0.0
1.0 0.0
1.0 0.0
0.990990990991 0.0
0.982142857143 0.00892857142857
0.982456140351 0.0
0.98275862069 0.0
1.0 0.0
0.983050847458 0.0
0.991596638655 0.0
0.975409836066 0.0
0.983870967742 0.0
0.992 0.0
0.992063492063 0.0
0.984375 0.0
0.984615384615 0.0
0.977272727273 0.00757575757576
1.0 0.0
0.992481203008 0.0
0.992537313433 0.0
1.0 0.0
0.992592592593 0.0
0.992647058824 0.0
0.985507246377 0.0
0.99173553719 0.165289256198
0.991666666667 0.0166666666667
1.0 0.0
1.0 0.0
0.983606557377 0.0
1.0 0.0
0.975806451613 0.00806451612903
1.0 0.0
1.0 0.0
1.0 0.0
1.0 0.0
0.984126984127 0.0
1.0 0.0
0.992125984252 0.0
0.992063492063 0.015873015873
0.984375 0.0
0.992248062016 0.0
1.0 0.0
1.0 0.0
0.992307692308 0.0
0.992366412214 0.0
1.0 0.0
0.984848484848 0.00757575757576
0.992481203008 0.0
1.0 0.0
0.985185185185 0.0
0.985294117647 0.00735294117647
1.0 0.0
0.985507246377 0.0
0.992805755396 0.0
1.0 0.0
0.985815602837 0.0
0.986013986014 0.0
1.0 0.0
0.993055555556 0.0
0.993103448276 0.0
0.993150684932 0.0
1.0 0.0
1.0 0.0
0.979865771812 0.0
0.986754966887 0.0
0.993421052632 0.0
0.986928104575 0.00653594771242
1.0 0.0
1.0 0.0
0.993506493506 0.0
0.993548387097 0.0
0.987261146497 0.0
0.987421383648 0.0
0.99375 0.0
1.0 0.0
0.993788819876 0.0
0.98773006135 0.0
0.981927710843 0.0
1.0 0.0
0.994011976048 0.0
0.988165680473 0.0
1.0 0.0
0.976744186047 0.00581395348837
0.994186046512 0.00581395348837
0.988505747126 0.0
0.994252873563 0.00574712643678
1.0 0.0
1.0 0.0
0.994252873563 0.00574712643678
1.0 0.0
1.0 0.0
0.994285714286 0.0
1.0 0.0
0.983146067416 0.0
0.994413407821 0.0
1.0 0.0
1.0 0.0
0.988950276243 0.0
1.0 0.0
1.0 0.0
1.0 0.0
1.0 0.0
1.0 0.0
1.0 0.0
0.994505494505 0.0
0.989071038251 0.00546448087432
0.994565217391 0.0
1.0 0.0
0.994594594595 0.0
1.0 0.0
1.0 0.0
0.994623655914 0.0
0.994652406417 0.0
0.994680851064 0.0
0.994708994709 0.0
0.989417989418 0.010582010582
0.994736842105 0.0
0.984455958549 0.0
1.0 0.0
1.0 0.0
0.994845360825 0.0
1.0 0.0
1.0 0.0
1.0 0.0
1.0 0.0
0.994680851064 0.0372340425532
1.0 0.0
0.994680851064 0.00531914893617
1.0 0.0
0.989473684211 0.0
0.994764397906 0.0
1.0 0.0
1.0 0.0
0.994764397906 0.00523560209424
0.994791666667 0.0
0.984615384615 0.0
0.994897959184 0.0
1.0 0.0
1.0 0.0
1.0 0.0
0.994923857868 0.0
0.994949494949 0.0
0.994974874372 0.0
0.989949748744 0.00502512562814
1.0 0.0
1.0 0.0
1.0 0.0
0.995 0.0
1.0 0.0
0.995 0.0
1.0 0.0
1.0 0.0
0.995 0.0
1.0 0.0
0.995 0.0
1.0 0.0
1.0 0.0
0.995 0.0
1.0 0.0
0.995 0.0
0.995 0.0
1.0 0.0
1.0 0.0
1.0 0.0
1.0 0.0
0.995 0.0
0.995 0.0
1.0 0.0
1.0 0.0
0.995 0.0
0.995 0.0
1.0 0.0
1.0 0.0
1.0 0.0
0.995 0.0
1.0 0.0
0.995 0.0
0.995 0.0
1.0 0.0
0.995 0.005
0.995 0.0
0.995 0.0
0.995 0.0
1.0 0.0
0.99 0.005
0.995 0.0
0.995 0.0
0.995 0.0
1.0 0.0
0.995 0.0
0.995 0.0
0.995 0.0
0.995 0.0
0.995 0.0
1.0 0.0
0.995 0.0
0.995 0.0
1.0 0.0
0.995 0.0
1.0 0.0
0.995 0.0
1.0 0.0
1.0 0.0
1.0 0.0
1.0 0.0
1.0 0.0
0.995 0.0
1.0 0.0
0.995 0.0
0.995 0.005
0.995 0.005
0.995 0.0
0.995 0.0
0.995 0.0
1.0 0.0
1.0 0.0
0.995 0.0
1.0 0.0
0.995 0.0
0.99 0.005
1.0 0.0
0.99 0.005
0.995 0.0
0.995 0.0
1.0 0.0
0.995 0.0
0.995 0.005
0.989637305699 0.0466321243523
0.99481865285 0.00518134715026
1.0 0.0
1.0 0.0
1.0 0.0
0.994845360825 0.0
0.989743589744 0.00512820512821
0.989795918367 0.00510204081633
1.0 0.0
0.994923857868 0.0
0.985 0.0
1.0 0.0
1.0 0.0
0.995 0.0
1.0 0.0
1.0 0.0
0.995 0.0
1.0 0.0
1.0 0.0
0.995 0.0
0.995 0.0
1.0 0.0
0.995 0.0
0.995 0.0
1.0 0.0
1.0 0.0
1.0 0.0
0.995 0.0
0.995 0.0
1.0 0.0
1.0 0.0
1.0 0.0
1.0 0.0
0.995 0.0
1.0 0.0
1.0 0.0
0.995 0.0
1.0 0.0
0.995 0.0
1.0 0.0
0.995 0.005
1.0 0.0
1.0 0.0
1.0 0.0
1.0 0.0
0.995 0.0
0.995 0.0
0.995 0.0
1.0 0.0
1.0 0.0
1.0 0.0
1.0 0.0
1.0 0.0
1.0 0.0
1.0 0.0
0.995 0.0
1.0 0.0
1.0 0.0
1.0 0.0
0.995 0.0
1.0 0.0
1.0 0.0
1.0 0.0
1.0 0.0
0.995 0.0
0.995 0.005
1.0 0.0
1.0 0.0
1.0 0.0
0.995 0.0
1.0 0.0
0.995 0.0
0.995 0.0
0.995 0.0
1.0 0.0
0.995 0.0
0.995 0.0
1.0 0.0
1.0 0.0
0.995 0.0
1.0 0.0
0.995 0.0
0.995 0.0
1.0 0.0
0.995 0.0
1.0 0.0
0.995 0.0
1.0 0.0
1.0 0.0
1.0 0.0
0.995 0.0
0.995 0.0
1.0 0.0
1.0 0.0
1.0 0.0
1.0 0.0
1.0 0.0
0.995 0.0
1.0 0.0
1.0 0.0
1.0 0.0
0.994152046784 0.198830409357
1.0 0.0239520958084
1.0 0.0
1.0 0.0
1.0 0.0
0.988165680473 0.0
1.0 0.0
0.994117647059 0.0
0.994152046784 0.0
0.988372093023 0.00581395348837
0.994219653179 0.0
1.0 0.0
1.0 0.0
1.0 0.0
1.0 0.0
1.0 0.0
1.0 0.0
1.0 0.0
0.994252873563 0.0
1.0 0.0
0.994219653179 0.0115606936416
1.0 0.0
0.994252873563 0.0
1.0 0.0
1.0 0.0
0.994285714286 0.0
1.0 0.0
0.994285714286 0.00571428571429
1.0 0.0
0.994318181818 0.0
0.988764044944 0.0
0.994413407821 0.0
0.994444444444 0.0
1.0 0.0
1.0 0.0
1.0 0.0
1.0 0.0
1.0 0.0
0.988888888889 0.0111111111111
0.989010989011 0.0
0.989130434783 0.0
1.0 0.0
1.0 0.0
0.994594594595 0.0
1.0 0.0
0.994623655914 0.0
1.0 0.0
1.0 0.0
1.0 0.0
0.994652406417 0.0
0.994680851064 0.0
0.994708994709 0.0
1.0 0.0
0.994736842105 0.0
1.0 0.0
1.0 0.0
0.994764397906 0.0
1.0 0.0
0.994791666667 0.0
1.0 0.0
0.99481865285 0.0
1.0 0.0
0.994845360825 0.0
1.0 0.0
0.994845360825 0.00515463917526
0.994871794872 0.0
0.994897959184 0.0
1.0 0.0
1.0 0.0
0.994923857868 0.0
0.994949494949 0.0
1.0 0.0
0.994974874372 0.0
1.0 0.0
0.99 0.0
1.0 0.0
1.0 0.0
1.0 0.0
1.0 0.0
0.995 0.0
0.995 0.0
1.0 0.0
1.0 0.0
0.995 0.0
1.0 0.0
0.995 0.005
1.0 0.0
1.0 0.0
1.0 0.0
0.995 0.0
0.995 0.0
1.0 0.0
1.0 0.0
0.995 0.0
0.995 0.0
1.0 0.0
0.995 0.0
1.0 0.0
0.99 0.005
0.995 0.0
1.0 0.0
0.995 0.0
1.0 0.0
1.0 0.0
1.0 0.0
0.995 0.0
1.0 0.0
1.0 0.0
1.0 0.0
1.0 0.0
1.0 0.0
1.0 0.0
0.995 0.0
1.0 0.0
1.0 0.0
1.0 0.0
1.0 0.0
1.0 0.0
1.0 0.0
1.0 0.0
1.0 0.0
0.995 0.0
1.0 0.0
1.0 0.0
0.995 0.005
0.995 0.0
0.995 0.0
0.995 0.0
1.0 0.0
0.995 0.0
0.995 0.0
0.995 0.0
1.0 0.0
0.995 0.0
1.0 0.0
1.0 0.0
1.0 0.0
1.0 0.0
1.0 0.0
0.995 0.0
1.0 0.0
1.0 0.0
1.0 0.0
1.0 0.0
1.0 0.0
1.0 0.0
1.0 0.0
1.0 0.0
1.0 0.0
1.0 0.0
0.995 0.0
1.0 0.0
1.0 0.0
1.0 0.0
0.989949748744 0.0100502512563
1.0 0.0
1.0 0.0
0.995 0.0
1.0 0.0
0.995 0.0
0.995 0.0
1.0 0.0
0.995 0.0
1.0 0.0
0.994974874372 0.0100502512563
1.0 0.0
1.0 0.0
0.995 0.0
1.0 0.0
1.0 0.0
0.995 0.0
1.0 0.0
0.995 0.0
1.0 0.0
1.0 0.0
1.0 0.0
1.0 0.0
1.0 0.0
1.0 0.0
0.995 0.0
1.0 0.0
1.0 0.0
0.995 0.0
1.0 0.0
1.0 0.0
0.995 0.0
1.0 0.0
0.995 0.0
1.0 0.0
1.0 0.0
1.0 0.0
1.0 0.0
1.0 0.0
0.995 0.0
1.0 0.0
1.0 0.0
1.0 0.0
1.0 0.0
1.0 0.0
1.0 0.0
0.995 0.005
1.0 0.0
0.995 0.0
0.995 0.0
1.0 0.0
1.0 0.0
1.0 0.0
0.995 0.0
1.0 0.0
0.995 0.0
1.0 0.0
1.0 0.0
1.0 0.0
1.0 0.0
1.0 0.0
0.995 0.0
1.0 0.0
1.0 0.0
0.995 0.0
1.0 0.0
1.0 0.0
1.0 0.0
1.0 0.0
1.0 0.0
0.995 0.0
0.995 0.0
1.0 0.0
0.995 0.0
1.0 0.0
0.995 0.0
0.995 0.0
1.0 0.0
1.0 0.0
1.0 0.0
0.995 0.0
0.995 0.0
1.0 0.0
1.0 0.0
1.0 0.0
0.995 0.0
0.995 0.0
1.0 0.0
0.995 0.0
1.0 0.0
0.994974874372 0.0100502512563
1.0 0.0
0.995 0.0
1.0 0.0
0.995 0.0
1.0 0.0
1.0 0.0
1.0 0.0
1.0 0.0
1.0 0.0
1.0 0.0
1.0 0.0
1.0 0.0
1.0 0.0
1.0 0.0
1.0 0.0
1.0 0.0
0.995 0.0
1.0 0.0
0.995 0.0
1.0 0.0
1.0 0.0
1.0 0.0
0.995 0.0
1.0 0.0
0.995 0.0
0.995 0.0
0.995 0.0
1.0 0.0
1.0 0.0
1.0 0.0
1.0 0.0
1.0 0.0
0.995 0.0
1.0 0.0
1.0 0.0
0.995 0.0
0.995 0.0
0.995 0.0
1.0 0.0
1.0 0.0
1.0 0.0
0.995 0.0
1.0 0.0
1.0 0.0
1.0 0.0
1.0 0.0
0.995 0.0
0.995 0.0
1.0 0.0
1.0 0.0
1.0 0.0
1.0 0.0
0.995 0.0
1.0 0.0
0.995 0.0
1.0 0.0
1.0 0.0
1.0 0.0
1.0 0.0
1.0 0.0
0.995 0.0
0.995 0.0
0.995 0.0
1.0 0.0
1.0 0.0
1.0 0.0
1.0 0.0
1.0 0.0
1.0 0.0
1.0 0.0
1.0 0.0
1.0 0.0
1.0 0.0
0.995 0.0
1.0 0.0
1.0 0.0
0.995 0.0
1.0 0.0
0.995 0.0
1.0 0.0
1.0 0.0
0.995 0.0
1.0 0.0
0.995 0.0
1.0 0.0
1.0 0.0
0.994949494949 0.0151515151515
1.0 0.0
1.0 0.0
1.0 0.0
0.994974874372 0.0
0.99 0.0
0.995 0.0
1.0 0.0
0.995 0.0
1.0 0.0
1.0 0.0
1.0 0.0
1.0 0.0
1.0 0.0
0.995 0.0
1.0 0.0
1.0 0.0
0.995 0.0
1.0 0.0
1.0 0.0
0.995 0.0
0.995 0.0
1.0 0.0
1.0 0.0
1.0 0.0
1.0 0.0
0.995 0.0
1.0 0.0
1.0 0.0
1.0 0.0
0.995 0.0
0.995 0.0
1.0 0.0
1.0 0.0
0.995 0.0
1.0 0.0
0.995 0.005
1.0 0.0
1.0 0.0
1.0 0.0
1.0 0.0
0.995 0.0
1.0 0.0
1.0 0.0
0.995 0.0
1.0 0.0
0.995 0.0
0.995 0.0
1.0 0.0
0.995 0.0
0.995 0.0
0.995 0.0
1.0 0.0
1.0 0.0
0.995 0.0
1.0 0.0
1.0 0.0
1.0 0.0
1.0 0.0
1.0 0.0
1.0 0.0
1.0 0.0
1.0 0.0
1.0 0.0
0.995 0.0
1.0 0.0
1.0 0.0
0.995 0.0
1.0 0.0
0.995 0.0
1.0 0.0
1.0 0.0
1.0 0.0
1.0 0.0
1.0 0.0
1.0 0.0
1.0 0.0
1.0 0.0
0.995 0.0
0.995 0.0
0.995 0.0
1.0 0.0
1.0 0.0
1.0 0.0
0.995 0.0
1.0 0.0
1.0 0.0
1.0 0.0
1.0 0.0
1.0 0.0
1.0 0.0
1.0 0.0
0.995 0.0
1.0 0.0
1.0 0.0
1.0 0.0
1.0 0.0
1.0 0.0
1.0 0.0
0.995 0.0
0.995 0.0
1.0 0.0
1.0 0.0
1.0 0.0
1.0 0.0
0.995 0.0
1.0 0.0
1.0 0.0
1.0 0.0
1.0 0.0
1.0 0.0
1.0 0.0
1.0 0.0
1.0 0.0
0.995 0.0
1.0 0.0
1.0 0.0
0.99 0.005
1.0 0.0
1.0 0.0
1.0 0.0
1.0 0.0
1.0 0.0
1.0 0.0
0.995 0.0
1.0 0.0
1.0 0.0
1.0 0.0
1.0 0.0
1.0 0.0
1.0 0.0
1.0 0.0
1.0 0.0
1.0 0.0
1.0 0.0
0.995 0.0
1.0 0.0
0.995 0.0
1.0 0.0
1.0 0.0
1.0 0.0
1.0 0.0
1.0 0.0
1.0 0.0
1.0 0.0
0.995 0.0
1.0 0.0
1.0 0.0
1.0 0.0
0.995 0.0
0.995 0.0
1.0 0.0
1.0 0.0
1.0 0.0
1.0 0.0
1.0 0.0
1.0 0.0
1.0 0.0
1.0 0.0
1.0 0.0
0.995 0.0
1.0 0.0
1.0 0.0
1.0 0.0
0.995 0.0
1.0 0.0
1.0 0.0
1.0 0.0
1.0 0.0
1.0 0.0
1.0 0.0
1.0 0.0
0.995 0.0
0.995 0.0
1.0 0.0
1.0 0.0
1.0 0.0
1.0 0.0
1.0 0.0
1.0 0.0
1.0 0.0
1.0 0.0
1.0 0.0
1.0 0.0
1.0 0.0
0.995 0.005
1.0 0.0
0.995 0.0
1.0 0.0
0.995 0.0
0.995 0.0
1.0 0.0
1.0 0.0
1.0 0.0
1.0 0.0
0.995 0.0
1.0 0.0
1.0 0.0
1.0 0.0
1.0 0.0
0.995 0.0
1.0 0.0
1.0 0.0
1.0 0.0
1.0 0.0
1.0 0.0
1.0 0.0
0.995 0.0
1.0 0.0
0.995 0.0
0.995 0.0
1.0 0.0
1.0 0.0
1.0 0.0
1.0 0.0
1.0 0.0
1.0 0.0
1.0 0.0
1.0 0.0
1.0 0.0
1.0 0.0
1.0 0.0
0.995 0.0
0.995 0.0
1.0 0.0
1.0 0.0
1.0 0.0
0.995 0.0
1.0 0.0
1.0 0.0
0.995 0.0
1.0 0.0
1.0 0.0
0.995 0.0
1.0 0.0
1.0 0.0
0.995 0.0
1.0 0.0
1.0 0.0
0.995 0.0
1.0 0.0
1.0 0.0
1.0 0.0
1.0 0.0
1.0 0.0
1.0 0.0
1.0 0.0
1.0 0.0
1.0 0.0
1.0 0.0
1.0 0.0
1.0 0.0
0.995 0.0
1.0 0.0
1.0 0.0
1.0 0.0
1.0 0.0
0.995 0.0
1.0 0.0
0.995 0.0
1.0 0.0
1.0 0.0
1.0 0.0
1.0 0.0
1.0 0.0
1.0 0.0
1.0 0.0
1.0 0.0
1.0 0.0
1.0 0.0
0.99 0.005
1.0 0.0
0.995 0.0
0.995 0.0
1.0 0.0
0.995 0.0
1.0 0.0
0.995 0.0
1.0 0.0
1.0 0.0
0.995 0.0
1.0 0.0
1.0 0.0
0.995 0.0
0.995 0.0
1.0 0.0
0.995 0.0
1.0 0.0
0.995 0.0
1.0 0.0
1.0 0.0
1.0 0.0
1.0 0.0
0.995 0.0
1.0 0.0
0.995 0.0
0.995 0.0
1.0 0.0
0.995 0.0
1.0 0.0
1.0 0.0
0.995 0.0
1.0 0.0
0.995 0.0
1.0 0.0
0.995 0.0
1.0 0.0
1.0 0.0
1.0 0.0
1.0 0.0
1.0 0.0
1.0 0.0
0.995 0.005
1.0 0.0
1.0 0.0
0.995 0.005
1.0 0.0
1.0 0.0
0.995 0.0
0.995 0.0
1.0 0.0
1.0 0.0
1.0 0.0
1.0 0.0
1.0 0.0
1.0 0.0
1.0 0.0
1.0 0.0
1.0 0.0
0.995 0.0
0.995 0.0
0.995 0.0
1.0 0.0
1.0 0.0
1.0 0.0
1.0 0.0
1.0 0.0
1.0 0.0
0.995 0.0
0.995 0.0
1.0 0.0
1.0 0.0
1.0 0.0
1.0 0.0
0.995 0.0
1.0 0.0
1.0 0.0
1.0 0.0
1.0 0.0
0.995 0.0
0.995 0.0
1.0 0.0
0.995 0.0
1.0 0.0
1.0 0.0
1.0 0.0
1.0 0.0
0.995 0.0
1.0 0.0
0.995 0.0
1.0 0.0
1.0 0.0
1.0 0.0
1.0 0.0
1.0 0.0
1.0 0.0
1.0 0.0
0.995 0.0
1.0 0.0
1.0 0.0
1.0 0.0
0.995 0.0
0.995 0.0
1.0 0.0
1.0 0.0
0.995 0.0
1.0 0.0
1.0 0.0
0.995 0.0
1.0 0.0
0.995 0.0
1.0 0.0
1.0 0.0
1.0 0.0
1.0 0.0
0.995 0.0
1.0 0.0
1.0 0.0
1.0 0.0
1.0 0.0
1.0 0.0
1.0 0.0
1.0 0.0
1.0 0.0
1.0 0.0
1.0 0.0
1.0 0.0
1.0 0.0
1.0 0.0
1.0 0.0
0.995 0.005
0.995 0.0
0.995 0.0
1.0 0.0
1.0 0.0
1.0 0.0
1.0 0.0
1.0 0.0
1.0 0.0
1.0 0.0
0.995 0.0
1.0 0.0
1.0 0.0
1.0 0.0
0.995 0.0
1.0 0.0
1.0 0.0
1.0 0.0
0.995 0.0
1.0 0.0
1.0 0.0
1.0 0.0
1.0 0.0
0.995 0.0
1.0 0.0
1.0 0.0
0.995 0.0
0.995 0.0
1.0 0.0
1.0 0.0
0.995 0.0
1.0 0.0
0.995 0.0
0.995 0.0
1.0 0.0
1.0 0.0
0.995 0.0
1.0 0.0
1.0 0.0
1.0 0.0
1.0 0.0
1.0 0.0
1.0 0.0
1.0 0.0
0.995 0.0
1.0 0.0
1.0 0.0
0.995 0.0
1.0 0.0
1.0 0.0
0.995 0.0
1.0 0.0
1.0 0.0
1.0 0.0
0.995 0.005
1.0 0.0
1.0 0.0
0.995 0.0
1.0 0.0
0.995 0.0
1.0 0.0
1.0 0.0
1.0 0.0
1.0 0.0
0.995 0.0
0.995 0.0
0.995 0.0
1.0 0.0
1.0 0.0
0.995 0.0
1.0 0.0
1.0 0.0
1.0 0.0
0.995 0.0
1.0 0.0
0.995 0.0
1.0 0.0
0.995 0.0
1.0 0.0
1.0 0.0
0.995 0.0
1.0 0.0
0.995 0.0
1.0 0.0
0.995 0.0
1.0 0.0
0.995 0.0
1.0 0.0
1.0 0.0
1.0 0.0
0.995 0.0
0.995 0.0
1.0 0.0
1.0 0.0
1.0 0.0
0.995 0.0
1.0 0.0
1.0 0.0
1.0 0.0
1.0 0.0
1.0 0.0
1.0 0.0
0.995 0.0
1.0 0.0
1.0 0.0
1.0 0.0
0.995 0.0
1.0 0.0
0.995 0.0
1.0 0.0
0.995 0.0
1.0 0.0
1.0 0.0
1.0 0.0
0.995 0.0
1.0 0.0
1.0 0.0
0.995 0.0
1.0 0.0
1.0 0.0
1.0 0.0
1.0 0.0
0.995 0.0
1.0 0.0
1.0 0.0
1.0 0.0
1.0 0.0
1.0 0.0
1.0 0.0
1.0 0.0
1.0 0.0
1.0 0.0
1.0 0.0
1.0 0.0
1.0 0.0
0.995 0.0
0.995 0.0
1.0 0.0
1.0 0.0
1.0 0.0
1.0 0.0
1.0 0.0
0.995 0.0
1.0 0.0
1.0 0.0
1.0 0.0
0.995 0.0
1.0 0.0
1.0 0.0
1.0 0.0
1.0 0.0
1.0 0.0
0.995 0.0
1.0 0.0
1.0 0.0
0.995 0.0
0.995 0.0
1.0 0.0
1.0 0.0
0.995 0.0
1.0 0.0
1.0 0.0
0.995 0.0
0.995 0.0
0.995 0.0
0.995 0.0
1.0 0.0
1.0 0.0
1.0 0.0
0.995 0.0
0.995 0.0
1.0 0.0
1.0 0.0
0.995 0.0
0.995 0.0
0.995 0.005
1.0 0.0
1.0 0.0
1.0 0.0
1.0 0.0
1.0 0.0
1.0 0.0
0.995 0.0
1.0 0.0
1.0 0.0
1.0 0.0
1.0 0.0
0.995 0.0
0.995 0.0
1.0 0.0
1.0 0.0
1.0 0.0
1.0 0.0
1.0 0.0
1.0 0.0
0.995 0.0
1.0 0.0
1.0 0.0
0.995 0.0
1.0 0.0
1.0 0.0
1.0 0.0
0.995 0.0
1.0 0.0
1.0 0.0
1.0 0.0
0.995 0.0
1.0 0.0
1.0 0.0
1.0 0.0
1.0 0.0
0.995 0.0
1.0 0.0
1.0 0.0
0.995 0.0
1.0 0.0
0.995 0.0
1.0 0.0
1.0 0.0
1.0 0.0
1.0 0.0
1.0 0.0
0.995 0.0
0.995 0.0
0.995 0.0
0.995 0.0
1.0 0.0
1.0 0.0
1.0 0.0
1.0 0.0
1.0 0.0
1.0 0.0
1.0 0.0
1.0 0.0
1.0 0.0
1.0 0.0
1.0 0.0
1.0 0.0
1.0 0.0
1.0 0.0
1.0 0.0
1.0 0.0
1.0 0.0
1.0 0.0
0.995 0.0
1.0 0.0
1.0 0.0
1.0 0.0
1.0 0.0
1.0 0.0
1.0 0.0
1.0 0.0
1.0 0.0
1.0 0.0
1.0 0.0
0.995 0.0
0.995 0.0
1.0 0.0
1.0 0.0
1.0 0.0
0.995 0.0
1.0 0.0
1.0 0.0
1.0 0.0
0.995 0.0
1.0 0.0
0.995 0.0
1.0 0.0
0.995 0.0
1.0 0.0
1.0 0.0
0.995 0.0
1.0 0.0
1.0 0.0
1.0 0.0
0.995 0.0
1.0 0.0
1.0 0.0
1.0 0.0
1.0 0.0
1.0 0.0
1.0 0.0
1.0 0.0
1.0 0.0
0.995 0.0
0.995 0.0
1.0 0.0
1.0 0.0
1.0 0.0
1.0 0.0
0.995 0.0
1.0 0.0
1.0 0.0
1.0 0.0
1.0 0.0
0.995 0.0
1.0 0.0
1.0 0.0
0.995 0.0
1.0 0.0
0.995 0.0
1.0 0.0
1.0 0.0
1.0 0.0
1.0 0.0
1.0 0.0
1.0 0.0
1.0 0.0
1.0 0.0
1.0 0.0
1.0 0.0
1.0 0.0
1.0 0.0
1.0 0.0
1.0 0.0
0.995 0.0
1.0 0.0
0.995 0.0
1.0 0.0
1.0 0.0
1.0 0.0
1.0 0.0
1.0 0.0
1.0 0.0
1.0 0.0
0.995 0.0
1.0 0.0
1.0 0.0
0.995 0.0
0.995 0.0
1.0 0.0
0.995 0.0
1.0 0.0
1.0 0.0
1.0 0.0
1.0 0.0
1.0 0.0
0.995 0.0
0.995 0.0
0.995 0.0
1.0 0.0
0.995 0.005
0.995 0.0
0.995 0.0
1.0 0.0
1.0 0.0
0.995 0.0
1.0 0.0
1.0 0.0
1.0 0.0
0.995 0.0
1.0 0.0
1.0 0.0
1.0 0.0
1.0 0.0
1.0 0.0
0.995 0.0
1.0 0.0
1.0 0.0
0.995 0.0
1.0 0.0
1.0 0.0
1.0 0.0
1.0 0.0
1.0 0.0
1.0 0.0
1.0 0.0
1.0 0.0
0.995 0.0
0.995 0.0
0.995 0.0
1.0 0.0
1.0 0.0
1.0 0.0
1.0 0.0
1.0 0.0
1.0 0.0
1.0 0.0
1.0 0.0
1.0 0.0
1.0 0.0
0.995 0.0
1.0 0.0
0.0 0.0
0.454545454545 0.0454545454545
0.633333333333 0.1
0.828571428571 0.0285714285714
0.704545454545 0.136363636364
0.869565217391 0.152173913043
0.954545454545 0.136363636364
0.895833333333 0.0416666666667
0.0 0.0
0.4375 0.25
0.5 0.166666666667
0.88 0.08
0.785714285714 0.107142857143
0.870967741935 0.0322580645161
0.885714285714 0.0
0.868421052632 0.0526315789474
0.904761904762 0.0
0.911111111111 0.0222222222222
0.918367346939 0.0
0.867924528302 0.0566037735849
0.896551724138 0.0172413793103
0.90625 0.0
0.941176470588 0.0
0.971428571429 0.0
0.933333333333 0.0
0.935064935065 0.0649350649351
0.936708860759 0.0379746835443
0.975308641975 0.0
0.975903614458 0.0
0.941860465116 0.0348837209302
0.954545454545 0.0568181818182
0.909090909091 0.102272727273
0.955555555556 0.0222222222222
0.978021978022 0.010989010989
0.957894736842 0.0
0.940594059406 0.0
0.952830188679 0.0
0.981481481481 0.0
0.963963963964 0.00900900900901
0.990990990991 0.00900900900901
1.0 0.0
0.965217391304 0.0
0.991379310345 0.0
0.958333333333 0.00833333333333
0.98347107438 0.00826446280992
0.991803278689 0.0
0.96 0.024
0.97619047619 0.015873015873
0.984375 0.0
0.992248062016 0.0
0.969696969697 0.0227272727273
0.962686567164 0.0223880597015
0.985294117647 0.0
0.971223021583 0.00719424460432
0.964285714286 0.0357142857143
0.992805755396 0.0143884892086
0.992805755396 0.00719424460432
0.985815602837 0.0
0.986013986014 0.0
0.993055555556 0.0
0.972602739726 0.013698630137
0.972972972973 0.0135135135135
0.986666666667 0.0
0.980132450331 0.0132450331126
0.993421052632 0.0
0.986754966887 0.0198675496689
0.986928104575 0.0
0.980769230769 0.0
0.993630573248 0.0
0.975 0.00625
0.987577639752 0.00621118012422
0.993827160494 0.0
0.993865030675 0.0
0.993902439024 0.0
0.981818181818 0.0121212121212
0.988023952096 0.0
0.976608187135 0.0
0.988372093023 0.00581395348837
0.988439306358 0.00578034682081
0.994252873563 0.0
0.994285714286 0.0
0.994285714286 0.00571428571429
0.994318181818 0.0
0.988700564972 0.00564971751412
0.977777777778 0.00555555555556
0.994444444444 0.00555555555556
0.994475138122 0.0
0.994505494505 0.0
0.994505494505 0.00549450549451
1.0 0.0
0.972972972973 0.0162162162162
0.994594594595 0.00540540540541
0.983783783784 0.0216216216216
0.989247311828 0.00537634408602
0.978609625668 0.0160427807487
0.994680851064 0.0
0.994708994709 0.0
0.984375 0.0
0.99481865285 0.0
0.984615384615 0.00512820512821
0.984771573604 0.00507614213198
0.994949494949 0.0
0.984924623116 0.00502512562814
0.995 0.0
1.0 0.0
0.995 0.0
0.99 0.005
0.99 0.005
0.985 0.015
0.99 0.005
1.0 0.0
0.995 0.005
0.995 0.005
0.995 0.0
0.995 0.0
0.99 0.005
0.99 0.005
0.985 0.01
0.99 0.005
0.995 0.0
0.985 0.01
0.995 0.0
0.995 0.0
0.989949748744 0.0100502512563
0.989949748744 0.00502512562814
0.995 0.0
1.0 0.0
0.99 0.005
1.0 0.0
0.99 0.005
1.0 0.0
1.0 0.0
0.995 0.0
0.995 0.0
0.995 0.0
0.995 0.005
0.989949748744 0.0100502512563
0.99 0.0
0.995 0.0
0.995 0.0
0.995 0.0
0.995 0.0
0.995 0.0
0.995 0.0
0.995 0.0
0.995 0.005
0.99 0.005
0.995 0.0
0.995 0.0
0.995 0.0
1.0 0.0
0.995 0.0
0.99 0.005
0.995 0.0
0.995 0.0
0.995 0.0
0.995 0.0
1.0 0.0
